2.126978e+15	1.306099e+01	1.228760e-02
2.131253e+15	1.307147e+01	2.845717e-02
2.135527e+15	1.308195e+01	4.462674e-02
2.139802e+15	1.309243e+01	6.079631e-02
2.144077e+15	1.310291e+01	7.696587e-02
2.148351e+15	1.311339e+01	9.313544e-02
2.152626e+15	1.312387e+01	1.093050e-01
2.156901e+15	1.313434e+01	1.254746e-01
2.161175e+15	1.314482e+01	1.416441e-01
2.165450e+15	1.315530e+01	1.578137e-01
2.169725e+15	1.316578e+01	1.739833e-01
2.173999e+15	1.317626e+01	1.901529e-01
2.178274e+15	1.318674e+01	2.063224e-01
2.182548e+15	1.319722e+01	2.224920e-01
2.186823e+15	1.320770e+01	2.386616e-01
2.191098e+15	1.321818e+01	2.548311e-01
2.195372e+15	1.322865e+01	2.710007e-01
2.199647e+15	1.323913e+01	2.871703e-01
2.203922e+15	1.324961e+01	3.033398e-01
2.208196e+15	1.326009e+01	3.195094e-01
2.212471e+15	1.327057e+01	3.356790e-01
2.216746e+15	1.328105e+01	3.518485e-01
2.221020e+15	1.329153e+01	3.680181e-01
2.225295e+15	1.330201e+01	3.841877e-01
2.229570e+15	1.331249e+01	4.003572e-01
2.233844e+15	1.332296e+01	4.165268e-01
2.238119e+15	1.333344e+01	4.326964e-01
2.242394e+15	1.334392e+01	4.488660e-01
2.246668e+15	1.335440e+01	4.650355e-01
2.250943e+15	1.336488e+01	4.812051e-01
2.255218e+15	1.337536e+01	4.973747e-01
2.259492e+15	1.338584e+01	5.135442e-01
2.263767e+15	1.339632e+01	5.297138e-01
2.268042e+15	1.340680e+01	5.458834e-01
2.272316e+15	1.341727e+01	5.620529e-01
2.276591e+15	1.342775e+01	5.782225e-01
2.280866e+15	1.343612e+01	5.881233e-01
2.285140e+15	1.344223e+01	5.913509e-01
2.289415e+15	1.344834e+01	5.945785e-01
2.293689e+15	1.345445e+01	5.978061e-01
2.297964e+15	1.346056e+01	6.010336e-01
2.302239e+15	1.346668e+01	6.042612e-01
2.306513e+15	1.347279e+01	6.074888e-01
2.310788e+15	1.347929e+01	6.103574e-01
2.315063e+15	1.348648e+01	6.125898e-01
2.319337e+15	1.349366e+01	6.148222e-01
2.323612e+15	1.350085e+01	6.170547e-01
2.327887e+15	1.350804e+01	6.192871e-01
2.332161e+15	1.351523e+01	6.215196e-01
2.336436e+15	1.352241e+01	6.237520e-01
2.340711e+15	1.352935e+01	6.259818e-01
2.344985e+15	1.353553e+01	6.282038e-01
2.349260e+15	1.354171e+01	6.304257e-01
2.353535e+15	1.354789e+01	6.326476e-01
2.357809e+15	1.355407e+01	6.348695e-01
2.362084e+15	1.356025e+01	6.370914e-01
2.366359e+15	1.356644e+01	6.393133e-01
2.370633e+15	1.357293e+01	6.415420e-01
2.374908e+15	1.358116e+01	6.438070e-01
2.379183e+15	1.358938e+01	6.460721e-01
2.383457e+15	1.359760e+01	6.483371e-01
2.387732e+15	1.360582e+01	6.506022e-01
2.392007e+15	1.361404e+01	6.528672e-01
2.396281e+15	1.362226e+01	6.551323e-01
2.400556e+15	1.363047e+01	6.573972e-01
2.404830e+15	1.363770e+01	6.596566e-01
2.409105e+15	1.364494e+01	6.619161e-01
2.413380e+15	1.365218e+01	6.641755e-01
2.417654e+15	1.365941e+01	6.664349e-01
2.421929e+15	1.366665e+01	6.686943e-01
2.426204e+15	1.367388e+01	6.709537e-01
2.430478e+15	1.368112e+01	6.732131e-01
2.434753e+15	1.368834e+01	6.754706e-01
2.439028e+15	1.369556e+01	6.777279e-01
2.443302e+15	1.370277e+01	6.799852e-01
2.447577e+15	1.370999e+01	6.822426e-01
2.451852e+15	1.371721e+01	6.844999e-01
2.456126e+15	1.372442e+01	6.867572e-01
2.460401e+15	1.373164e+01	6.890146e-01
2.464676e+15	1.374051e+01	6.929779e-01
2.468950e+15	1.374984e+01	6.974111e-01
2.473225e+15	1.375916e+01	7.018443e-01
2.477500e+15	1.376848e+01	7.062775e-01
2.481774e+15	1.377781e+01	7.107107e-01
2.486049e+15	1.378713e+01	7.151439e-01
2.490324e+15	1.379646e+01	7.195771e-01
2.494598e+15	1.380578e+01	7.240165e-01
2.498873e+15	1.381509e+01	7.284586e-01
2.503147e+15	1.382441e+01	7.329007e-01
2.507422e+15	1.383373e+01	7.373427e-01
2.511697e+15	1.384305e+01	7.417848e-01
2.515971e+15	1.385237e+01	7.462269e-01
2.520246e+15	1.386169e+01	7.506690e-01
2.524521e+15	1.387101e+01	7.551183e-01
2.528795e+15	1.388033e+01	7.595724e-01
2.533070e+15	1.388965e+01	7.640266e-01
2.537345e+15	1.389897e+01	7.684807e-01
2.541619e+15	1.390829e+01	7.729348e-01
2.545894e+15	1.391761e+01	7.773890e-01
2.550169e+15	1.392693e+01	7.818431e-01
2.554443e+15	1.393554e+01	7.929052e-01
2.558718e+15	1.394339e+01	8.110028e-01
2.562993e+15	1.395124e+01	8.291004e-01
2.567267e+15	1.395910e+01	8.471981e-01
2.571542e+15	1.396695e+01	8.652957e-01
2.575817e+15	1.397481e+01	8.833934e-01
2.580091e+15	1.398266e+01	9.014910e-01
2.584366e+15	1.399153e+01	9.116493e-01
2.588641e+15	1.400218e+01	9.077791e-01
2.592915e+15	1.401283e+01	9.039089e-01
2.597190e+15	1.402349e+01	9.000388e-01
2.601465e+15	1.403414e+01	8.961686e-01
2.605739e+15	1.404479e+01	8.922984e-01
2.610014e+15	1.405544e+01	8.884282e-01
2.614288e+15	1.406603e+01	8.878243e-01
2.618563e+15	1.407640e+01	8.977855e-01
2.622838e+15	1.408676e+01	9.077466e-01
2.627112e+15	1.409713e+01	9.177077e-01
2.631387e+15	1.410750e+01	9.276688e-01
2.635662e+15	1.411787e+01	9.376299e-01
2.639936e+15	1.412823e+01	9.475910e-01
2.644211e+15	1.413860e+01	9.571143e-01
2.648486e+15	1.414894e+01	9.648993e-01
2.652760e+15	1.415928e+01	9.726843e-01
2.657035e+15	1.416962e+01	9.804693e-01
2.661310e+15	1.417996e+01	9.882543e-01
2.665584e+15	1.419030e+01	9.960392e-01
2.669859e+15	1.420064e+01	1.003824e+00
2.674134e+15	1.421064e+01	1.012655e+00
2.678408e+15	1.421728e+01	1.031852e+00
2.682683e+15	1.422392e+01	1.051049e+00
2.686958e+15	1.423056e+01	1.070246e+00
2.691232e+15	1.423720e+01	1.089443e+00
2.695507e+15	1.424384e+01	1.108640e+00
2.699782e+15	1.425048e+01	1.127837e+00
2.704056e+15	1.425712e+01	1.147034e+00
2.708331e+15	1.426360e+01	1.148079e+00
2.712605e+15	1.427006e+01	1.147267e+00
2.716880e+15	1.427652e+01	1.146454e+00
2.721155e+15	1.428298e+01	1.145642e+00
2.725429e+15	1.428944e+01	1.144829e+00
2.729704e+15	1.429590e+01	1.144017e+00
2.733979e+15	1.430236e+01	1.143204e+00
2.738253e+15	1.430937e+01	1.149525e+00
2.742528e+15	1.431650e+01	1.157259e+00
2.746803e+15	1.432363e+01	1.164993e+00
2.751077e+15	1.433076e+01	1.172727e+00
2.755352e+15	1.433788e+01	1.180461e+00
2.759627e+15	1.434501e+01	1.188195e+00
2.763901e+15	1.435214e+01	1.195930e+00
2.768176e+15	1.435919e+01	1.205945e+00
2.772451e+15	1.436621e+01	1.216951e+00
2.776725e+15	1.437324e+01	1.227957e+00
2.781000e+15	1.438026e+01	1.238963e+00
2.785275e+15	1.438728e+01	1.249969e+00
2.789549e+15	1.439430e+01	1.260975e+00
2.793824e+15	1.440132e+01	1.271981e+00
2.798099e+15	1.441042e+01	1.279942e+00
2.802373e+15	1.442095e+01	1.285810e+00
2.806648e+15	1.443148e+01	1.291678e+00
2.810923e+15	1.444200e+01	1.297546e+00
2.815197e+15	1.445253e+01	1.303414e+00
2.819472e+15	1.446306e+01	1.309282e+00
2.823746e+15	1.447359e+01	1.315150e+00
2.828021e+15	1.448309e+01	1.318120e+00
2.832296e+15	1.449166e+01	1.318509e+00
2.836570e+15	1.450023e+01	1.318898e+00
2.840845e+15	1.450880e+01	1.319287e+00
2.845120e+15	1.451738e+01	1.319676e+00
2.849394e+15	1.452595e+01	1.320064e+00
2.853669e+15	1.453452e+01	1.320453e+00
2.857944e+15	1.454345e+01	1.323544e+00
2.862218e+15	1.455289e+01	1.330483e+00
2.866493e+15	1.456233e+01	1.337423e+00
2.870768e+15	1.457177e+01	1.344362e+00
2.875042e+15	1.458120e+01	1.351302e+00
2.879317e+15	1.459064e+01	1.358242e+00
2.883592e+15	1.460008e+01	1.365181e+00
2.887866e+15	1.460991e+01	1.371384e+00
2.892141e+15	1.462048e+01	1.376204e+00
2.896416e+15	1.463106e+01	1.381023e+00
2.900690e+15	1.464163e+01	1.385843e+00
2.904965e+15	1.465220e+01	1.390663e+00
2.909240e+15	1.466278e+01	1.395483e+00
2.913514e+15	1.467335e+01	1.400303e+00
2.917789e+15	1.468391e+01	1.405121e+00
2.922064e+15	1.469444e+01	1.409934e+00
2.926338e+15	1.470498e+01	1.414747e+00
2.930613e+15	1.471551e+01	1.419559e+00
2.934887e+15	1.472604e+01	1.424372e+00
2.939162e+15	1.473657e+01	1.429185e+00
2.943437e+15	1.474711e+01	1.433998e+00
2.947711e+15	1.475763e+01	1.439277e+00
2.951986e+15	1.476801e+01	1.449602e+00
2.956261e+15	1.477840e+01	1.459927e+00
2.960535e+15	1.478878e+01	1.470252e+00
2.964810e+15	1.479917e+01	1.480577e+00
2.969085e+15	1.480955e+01	1.490902e+00
2.973359e+15	1.481994e+01	1.501227e+00
