2.127000e+14	1.022020e+01	3.983602e-01	1.022020e+01	3.983602e-01	4.251609e+00	3.151862e-01
2.128640e+14	1.023858e+01	3.932224e-01	1.023858e+01	3.932224e-01	4.248610e+00	3.151862e-01
2.130281e+14	1.025696e+01	3.880846e-01	1.025696e+01	3.880846e-01	4.253492e+00	3.151862e-01
2.131921e+14	1.027534e+01	3.829468e-01	1.027534e+01	3.829468e-01	4.258538e+00	3.151862e-01
2.133561e+14	1.029372e+01	3.778090e-01	1.029372e+01	3.778090e-01	4.263583e+00	3.151862e-01
2.135202e+14	1.031210e+01	3.726712e-01	1.031210e+01	3.726712e-01	4.268629e+00	3.151862e-01
2.136842e+14	1.033048e+01	3.675334e-01	1.033048e+01	3.675334e-01	4.273675e+00	3.151862e-01
2.138482e+14	1.034886e+01	3.623957e-01	1.034886e+01	3.623957e-01	4.278720e+00	3.151862e-01
2.140122e+14	1.036724e+01	3.572579e-01	1.036724e+01	3.572579e-01	4.283766e+00	3.151862e-01
2.141763e+14	1.038562e+01	3.521201e-01	1.038562e+01	3.521201e-01	4.288811e+00	3.151862e-01
2.143403e+14	1.040400e+01	3.469823e-01	1.040400e+01	3.469823e-01	4.293857e+00	3.151862e-01
2.145043e+14	1.042238e+01	3.418445e-01	1.042238e+01	3.418445e-01	4.298903e+00	3.151862e-01
2.146684e+14	1.044076e+01	3.367067e-01	1.044076e+01	3.367067e-01	4.303948e+00	3.151862e-01
2.148324e+14	1.045914e+01	3.315689e-01	1.045914e+01	3.315689e-01	4.308994e+00	3.151862e-01
2.149964e+14	1.047752e+01	3.264311e-01	1.047752e+01	3.264311e-01	4.314040e+00	3.151862e-01
2.151604e+14	1.049590e+01	3.212933e-01	1.049590e+01	3.212933e-01	4.319085e+00	3.151862e-01
2.153245e+14	1.051428e+01	3.161555e-01	1.051428e+01	3.161555e-01	4.324131e+00	3.151862e-01
2.154885e+14	1.053266e+01	3.110177e-01	1.053266e+01	3.110177e-01	4.329176e+00	3.151862e-01
2.156525e+14	1.055104e+01	3.058799e-01	1.055104e+01	3.058799e-01	4.334222e+00	3.151862e-01
2.158166e+14	1.056942e+01	3.059684e-01	1.056942e+01	3.059684e-01	4.339268e+00	3.151862e-01
2.159806e+14	1.058780e+01	3.105381e-01	1.058780e+01	3.105381e-01	4.344313e+00	3.151862e-01
2.161446e+14	1.060618e+01	3.151079e-01	1.060618e+01	3.151079e-01	4.349359e+00	3.151862e-01
2.163087e+14	1.062456e+01	3.196777e-01	1.062456e+01	3.196777e-01	4.354405e+00	3.151862e-01
2.164727e+14	1.064294e+01	3.242474e-01	1.064294e+01	3.242474e-01	4.359450e+00	3.140455e-01
2.166367e+14	1.066132e+01	3.288172e-01	1.066132e+01	3.288172e-01	4.364496e+00	3.111837e-01
2.168008e+14	1.067970e+01	3.333870e-01	1.067970e+01	3.333870e-01	4.369541e+00	3.083219e-01
2.169648e+14	1.069808e+01	3.379567e-01	1.069808e+01	3.379567e-01	4.374587e+00	3.054602e-01
2.171288e+14	1.073638e+01	3.425265e-01	1.073638e+01	3.425265e-01	4.379633e+00	3.025984e-01
2.172928e+14	1.077504e+01	3.470963e-01	1.077504e+01	3.470963e-01	4.384678e+00	2.997366e-01
2.174569e+14	1.081370e+01	3.516660e-01	1.081370e+01	3.516660e-01	4.389724e+00	2.968749e-01
2.176209e+14	1.085236e+01	3.562358e-01	1.085236e+01	3.562358e-01	4.394770e+00	2.940131e-01
2.177849e+14	1.089102e+01	3.608056e-01	1.089102e+01	3.608056e-01	4.399815e+00	2.911513e-01
2.179490e+14	1.092968e+01	3.653753e-01	1.092968e+01	3.653753e-01	4.404861e+00	2.882896e-01
2.181130e+14	1.096834e+01	3.699451e-01	1.096834e+01	3.699451e-01	4.409907e+00	2.854278e-01
2.182770e+14	1.100700e+01	3.745149e-01	1.100700e+01	3.745149e-01	4.414952e+00	2.825660e-01
2.184410e+14	1.104566e+01	3.790846e-01	1.104566e+01	3.790846e-01	4.419998e+00	2.797043e-01
2.186051e+14	1.108432e+01	3.836544e-01	1.108432e+01	3.836544e-01	4.425043e+00	2.768425e-01
2.187691e+14	1.112298e+01	3.882242e-01	1.112298e+01	3.882242e-01	4.430089e+00	2.739807e-01
2.189331e+14	1.116164e+01	3.927939e-01	1.116164e+01	3.927939e-01	4.435135e+00	2.711190e-01
2.190972e+14	1.120029e+01	3.973637e-01	1.120029e+01	3.973637e-01	4.440180e+00	2.682572e-01
2.192612e+14	1.123895e+01	4.019335e-01	1.123895e+01	4.019335e-01	4.445226e+00	2.653954e-01
2.194252e+14	1.127761e+01	4.065032e-01	1.127761e+01	4.065032e-01	4.450272e+00	2.625337e-01
2.195893e+14	1.131627e+01	4.110730e-01	1.131627e+01	4.110730e-01	4.455317e+00	2.596719e-01
2.197533e+14	1.135493e+01	4.156428e-01	1.135493e+01	4.156428e-01	4.460363e+00	2.568101e-01
2.199173e+14	1.139359e+01	4.202125e-01	1.139359e+01	4.202125e-01	4.465408e+00	2.539484e-01
2.200814e+14	1.143225e+01	4.247823e-01	1.143225e+01	4.247823e-01	4.470454e+00	2.510866e-01
2.202454e+14	1.147091e+01	4.293521e-01	1.147091e+01	4.293521e-01	4.475500e+00	2.482248e-01
2.204094e+14	1.150957e+01	4.339218e-01	1.150957e+01	4.339218e-01	4.480545e+00	2.453631e-01
2.205734e+14	1.154823e+01	4.384916e-01	1.154823e+01	4.384916e-01	4.485591e+00	2.425013e-01
2.207375e+14	1.158689e+01	4.430614e-01	1.158689e+01	4.430614e-01	4.490637e+00	2.396396e-01
2.209015e+14	1.162555e+01	4.476311e-01	1.162555e+01	4.476311e-01	4.495682e+00	2.367778e-01
2.210655e+14	1.166421e+01	4.522009e-01	1.166421e+01	4.522009e-01	4.500728e+00	2.339160e-01
2.212296e+14	1.170287e+01	4.567707e-01	1.170287e+01	4.567707e-01	4.505773e+00	2.310543e-01
2.213936e+14	1.174153e+01	4.613404e-01	1.174153e+01	4.613404e-01	4.510819e+00	2.281925e-01
2.215576e+14	1.178019e+01	4.659102e-01	1.178019e+01	4.659102e-01	4.515865e+00	2.253307e-01
2.217216e+14	1.181885e+01	4.704800e-01	1.181885e+01	4.704800e-01	4.520910e+00	2.224690e-01
2.218857e+14	1.185751e+01	4.750497e-01	1.185751e+01	4.750497e-01	4.525956e+00	2.196072e-01
2.220497e+14	1.189617e+01	4.796195e-01	1.189617e+01	4.796195e-01	4.531002e+00	2.167454e-01
2.222137e+14	1.193483e+01	4.841893e-01	1.193483e+01	4.841893e-01	4.536047e+00	2.138837e-01
2.223778e+14	1.197349e+01	4.887590e-01	1.197349e+01	4.887590e-01	4.541093e+00	2.110219e-01
2.225418e+14	1.201215e+01	4.933288e-01	1.201215e+01	4.933288e-01	4.546139e+00	2.081601e-01
2.227058e+14	1.205081e+01	4.978986e-01	1.205081e+01	4.978986e-01	4.551184e+00	2.052984e-01
2.228699e+14	1.208947e+01	5.024683e-01	1.208947e+01	5.024683e-01	4.556230e+00	2.024366e-01
2.230339e+14	1.212813e+01	5.070381e-01	1.212813e+01	5.070381e-01	4.561275e+00	1.995748e-01
2.231979e+14	1.216679e+01	5.116079e-01	1.216679e+01	5.116079e-01	4.566321e+00	1.967131e-01
2.233620e+14	1.220545e+01	5.161776e-01	1.220545e+01	5.161776e-01	4.571367e+00	1.938513e-01
2.235260e+14	1.224411e+01	5.207474e-01	1.224411e+01	5.207474e-01	4.576724e+00	1.909895e-01
2.236900e+14	1.228277e+01	5.253172e-01	1.228277e+01	5.253172e-01	4.583175e+00	1.881278e-01
2.238540e+14	1.232143e+01	5.298869e-01	1.232143e+01	5.298869e-01	4.589627e+00	1.852660e-01
2.240181e+14	1.236009e+01	5.344567e-01	1.236009e+01	5.344567e-01	4.596079e+00	1.824042e-01
2.241821e+14	1.239875e+01	5.390265e-01	1.239875e+01	5.390265e-01	4.602530e+00	1.795425e-01
2.243461e+14	1.243741e+01	5.435962e-01	1.243741e+01	5.435962e-01	4.608982e+00	1.766807e-01
2.245102e+14	1.247607e+01	5.481660e-01	1.247607e+01	5.481660e-01	4.615433e+00	1.738189e-01
2.246742e+14	1.251473e+01	5.527358e-01	1.251473e+01	5.527358e-01	4.621885e+00	1.709572e-01
2.248382e+14	1.255339e+01	5.573055e-01	1.255339e+01	5.573055e-01	4.628337e+00	1.680954e-01
2.250022e+14	1.259205e+01	5.618753e-01	1.259205e+01	5.618753e-01	4.634788e+00	1.652337e-01
2.251663e+14	1.263071e+01	5.664451e-01	1.263071e+01	5.664451e-01	4.641240e+00	1.623719e-01
2.253303e+14	1.266937e+01	5.710148e-01	1.266937e+01	5.710148e-01	4.647691e+00	1.595101e-01
2.254943e+14	1.270803e+01	5.755846e-01	1.270803e+01	5.755846e-01	4.654143e+00	1.566484e-01
2.256584e+14	1.274669e+01	5.801544e-01	1.274669e+01	5.801544e-01	4.660594e+00	1.537866e-01
2.258224e+14	1.278535e+01	5.865515e-01	1.278535e+01	5.865515e-01	4.667046e+00	1.509248e-01
2.259864e+14	1.282447e+01	5.958899e-01	1.282447e+01	5.958899e-01	4.673498e+00	1.480631e-01
2.261505e+14	1.288239e+01	6.052283e-01	1.288239e+01	6.052283e-01	4.679949e+00	1.452013e-01
2.263145e+14	1.294032e+01	6.145667e-01	1.294032e+01	6.145667e-01	4.686401e+00	1.441574e-01
2.264785e+14	1.299825e+01	6.239051e-01	1.299825e+01	6.239051e-01	4.692852e+00	1.469078e-01
2.266426e+14	1.305617e+01	6.332435e-01	1.305617e+01	6.332435e-01	4.699304e+00	1.496583e-01
2.268066e+14	1.311410e+01	6.425819e-01	1.311410e+01	6.425819e-01	4.705756e+00	1.524088e-01
2.269706e+14	1.317202e+01	6.519203e-01	1.317202e+01	6.519203e-01	4.712207e+00	1.551592e-01
2.271346e+14	1.322995e+01	6.612587e-01	1.322995e+01	6.612587e-01	4.718659e+00	1.579097e-01
2.272987e+14	1.328788e+01	6.705971e-01	1.328788e+01	6.705971e-01	4.725110e+00	1.606601e-01
2.274627e+14	1.334580e+01	6.799355e-01	1.334580e+01	6.799355e-01	4.731562e+00	1.634106e-01
2.276267e+14	1.340373e+01	6.892739e-01	1.340373e+01	6.892739e-01	4.738013e+00	1.661611e-01
2.277908e+14	1.346165e+01	6.986123e-01	1.346165e+01	6.986123e-01	4.744465e+00	1.689115e-01
2.279548e+14	1.351958e+01	7.079507e-01	1.351958e+01	7.079507e-01	4.750917e+00	1.716620e-01
2.281188e+14	1.357750e+01	7.172891e-01	1.357750e+01	7.172891e-01	4.757368e+00	1.744124e-01
2.282828e+14	1.363543e+01	7.266275e-01	1.363543e+01	7.266275e-01	4.763820e+00	1.771629e-01
2.284469e+14	1.369336e+01	7.359659e-01	1.369336e+01	7.359659e-01	4.770271e+00	1.799134e-01
2.286109e+14	1.375128e+01	7.453042e-01	1.375128e+01	7.453042e-01	4.776723e+00	1.826638e-01
2.287749e+14	1.380921e+01	7.546426e-01	1.380921e+01	7.546426e-01	4.783175e+00	1.854143e-01
2.289390e+14	1.386713e+01	7.639810e-01	1.386713e+01	7.639810e-01	4.789626e+00	1.881647e-01
2.291030e+14	1.392506e+01	7.733194e-01	1.392506e+01	7.733194e-01	4.796078e+00	1.909152e-01
2.292670e+14	1.398299e+01	7.826578e-01	1.398299e+01	7.826578e-01	4.802529e+00	1.936657e-01
2.294311e+14	1.404091e+01	7.919962e-01	1.404091e+01	7.919962e-01	4.808981e+00	1.964161e-01
2.295951e+14	1.409884e+01	8.013346e-01	1.409884e+01	8.013346e-01	4.815432e+00	1.991666e-01
2.297591e+14	1.415676e+01	8.106730e-01	1.415676e+01	8.106730e-01	4.821884e+00	2.019170e-01
2.299232e+14	1.421469e+01	8.200114e-01	1.421469e+01	8.200114e-01	4.828336e+00	2.046675e-01
2.300872e+14	1.427261e+01	8.293498e-01	1.427261e+01	8.293498e-01	4.834787e+00	2.074180e-01
2.302512e+14	1.433054e+01	8.386882e-01	1.433054e+01	8.386882e-01	4.841239e+00	2.101684e-01
2.304152e+14	1.438847e+01	8.480266e-01	1.438847e+01	8.480266e-01	4.847690e+00	2.129189e-01
2.305793e+14	1.444324e+01	8.573650e-01	1.444324e+01	8.573650e-01	4.854142e+00	2.156693e-01
2.307433e+14	1.449539e+01	8.667034e-01	1.449539e+01	8.667034e-01	4.860594e+00	2.184198e-01
2.309073e+14	1.454754e+01	8.760418e-01	1.454754e+01	8.760418e-01	4.867045e+00	2.211703e-01
2.310714e+14	1.459968e+01	8.853802e-01	1.459968e+01	8.853802e-01	4.873497e+00	2.239207e-01
2.312354e+14	1.465183e+01	8.947186e-01	1.465183e+01	8.947186e-01	4.879948e+00	2.266712e-01
2.313994e+14	1.470398e+01	9.040569e-01	1.470398e+01	9.040569e-01	4.886400e+00	2.294216e-01
2.315634e+14	1.475612e+01	9.133953e-01	1.475612e+01	9.133953e-01	4.892852e+00	2.321721e-01
2.317275e+14	1.480827e+01	9.227337e-01	1.480827e+01	9.227337e-01	4.899303e+00	2.349226e-01
2.318915e+14	1.486041e+01	9.320721e-01	1.486041e+01	9.320721e-01	4.905755e+00	2.376730e-01
2.320555e+14	1.491256e+01	9.414105e-01	1.491256e+01	9.414105e-01	4.912206e+00	2.404235e-01
2.322196e+14	1.496471e+01	9.507489e-01	1.496471e+01	9.507489e-01	4.918658e+00	2.431740e-01
2.323836e+14	1.501685e+01	9.600873e-01	1.501685e+01	9.600873e-01	4.925109e+00	2.459244e-01
2.325476e+14	1.506900e+01	9.694257e-01	1.506900e+01	9.694257e-01	4.931561e+00	2.486749e-01
2.327117e+14	1.512114e+01	9.787641e-01	1.512114e+01	9.787641e-01	4.938013e+00	2.514253e-01
2.328757e+14	1.517329e+01	9.881025e-01	1.517329e+01	9.881025e-01	4.944464e+00	2.541758e-01
2.330397e+14	1.522544e+01	9.974409e-01	1.522544e+01	9.974409e-01	4.950916e+00	2.569263e-01
2.332038e+14	1.527758e+01	1.006779e+00	1.527758e+01	1.006779e+00	4.957367e+00	2.596767e-01
2.333678e+14	1.532973e+01	1.016118e+00	1.532973e+01	1.016118e+00	4.963819e+00	2.624272e-01
2.335318e+14	1.538187e+01	1.025456e+00	1.538187e+01	1.025456e+00	4.970271e+00	2.651776e-01
2.336958e+14	1.543402e+01	1.034794e+00	1.543402e+01	1.034794e+00	4.976722e+00	2.679281e-01
2.338599e+14	1.548617e+01	1.044133e+00	1.548617e+01	1.044133e+00	4.983174e+00	2.706786e-01
2.340239e+14	1.553831e+01	1.053471e+00	1.553831e+01	1.053471e+00	4.989625e+00	2.734290e-01
2.341879e+14	1.559046e+01	1.062810e+00	1.559046e+01	1.062810e+00	4.996077e+00	2.761795e-01
2.343520e+14	1.564260e+01	1.072148e+00	1.564260e+01	1.072148e+00	5.002528e+00	2.789299e-01
2.345160e+14	1.569475e+01	1.081486e+00	1.569475e+01	1.081486e+00	5.008980e+00	2.816804e-01
2.346800e+14	1.574690e+01	1.090825e+00	1.574690e+01	1.090825e+00	5.015432e+00	2.844309e-01
2.348440e+14	1.579904e+01	1.100163e+00	1.579904e+01	1.100163e+00	5.021883e+00	2.871813e-01
2.350081e+14	1.585119e+01	1.109502e+00	1.585119e+01	1.109502e+00	5.028335e+00	2.899318e-01
2.351721e+14	1.590333e+01	1.118840e+00	1.590333e+01	1.118840e+00	5.034786e+00	2.926822e-01
2.353361e+14	1.595548e+01	1.145761e+00	1.595548e+01	1.145761e+00	5.041238e+00	2.954327e-01
2.355002e+14	1.600831e+01	1.216617e+00	1.600831e+01	1.216617e+00	5.047690e+00	2.981832e-01
2.356642e+14	1.611681e+01	1.287472e+00	1.611681e+01	1.287472e+00	5.054141e+00	3.009336e-01
2.358282e+14	1.622531e+01	1.358328e+00	1.622531e+01	1.358328e+00	5.060593e+00	3.036841e-01
2.359923e+14	1.633381e+01	1.429184e+00	1.633381e+01	1.429184e+00	5.067044e+00	3.064345e-01
2.361563e+14	1.644231e+01	1.500040e+00	1.644231e+01	1.500040e+00	5.076170e+00	3.091850e-01
2.363203e+14	1.655080e+01	1.570895e+00	1.655080e+01	1.570895e+00	5.088348e+00	3.119355e-01
2.364844e+14	1.665930e+01	1.641751e+00	1.665930e+01	1.641751e+00	5.100526e+00	3.146859e-01
2.366484e+14	1.676780e+01	1.712607e+00	1.676780e+01	1.712607e+00	5.112704e+00	3.151862e-01
2.368124e+14	1.687630e+01	1.783463e+00	1.687630e+01	1.783463e+00	5.124882e+00	3.151862e-01
2.369764e+14	1.698480e+01	1.854318e+00	1.698480e+01	1.854318e+00	5.137060e+00	3.151862e-01
2.371405e+14	1.709330e+01	1.925174e+00	1.709330e+01	1.925174e+00	5.149238e+00	3.151862e-01
2.373045e+14	1.720180e+01	1.996030e+00	1.720180e+01	1.996030e+00	5.161416e+00	3.151862e-01
2.374685e+14	1.731030e+01	2.066886e+00	1.731030e+01	2.066886e+00	5.173594e+00	3.151862e-01
2.376326e+14	1.741880e+01	2.137741e+00	1.741880e+01	2.137741e+00	5.185773e+00	3.151862e-01
2.377966e+14	1.752729e+01	2.208597e+00	1.752729e+01	2.208597e+00	5.197951e+00	3.151862e-01
2.379606e+14	1.763579e+01	2.279453e+00	1.763579e+01	2.279453e+00	5.210129e+00	3.151862e-01
2.381246e+14	1.774429e+01	2.350309e+00	1.774429e+01	2.350309e+00	5.222307e+00	3.151862e-01
2.382887e+14	1.785279e+01	2.421164e+00	1.785279e+01	2.421164e+00	5.234485e+00	3.151862e-01
2.384527e+14	1.796129e+01	2.492020e+00	1.796129e+01	2.492020e+00	5.246663e+00	3.151862e-01
2.386167e+14	1.806979e+01	2.562876e+00	1.806979e+01	2.562876e+00	5.258841e+00	3.151862e-01
2.387808e+14	1.817829e+01	2.633732e+00	1.817829e+01	2.633732e+00	5.271019e+00	3.151862e-01
2.389448e+14	1.828679e+01	2.704587e+00	1.828679e+01	2.704587e+00	5.283197e+00	3.151862e-01
2.391088e+14	1.839529e+01	2.775443e+00	1.839529e+01	2.775443e+00	5.295375e+00	3.151862e-01
2.392729e+14	1.850378e+01	2.846299e+00	1.850378e+01	2.846299e+00	5.307553e+00	3.151862e-01
2.394369e+14	1.861228e+01	2.917155e+00	1.861228e+01	2.917155e+00	5.319731e+00	3.151862e-01
2.396009e+14	1.872502e+01	2.988010e+00	1.872502e+01	2.988010e+00	5.331909e+00	3.151862e-01
2.397650e+14	1.884074e+01	3.058866e+00	1.884074e+01	3.058866e+00	5.344087e+00	3.151862e-01
2.399290e+14	1.895647e+01	3.129722e+00	1.895647e+01	3.129722e+00	5.356265e+00	3.151862e-01
2.400930e+14	1.907219e+01	3.200578e+00	1.907219e+01	3.200578e+00	5.368443e+00	3.151862e-01
2.402570e+14	1.918791e+01	3.271434e+00	1.918791e+01	3.271434e+00	5.380621e+00	3.151862e-01
2.404211e+14	1.930364e+01	3.342289e+00	1.930364e+01	3.342289e+00	5.392800e+00	3.151862e-01
2.405851e+14	1.941936e+01	3.413145e+00	1.941936e+01	3.413145e+00	5.404978e+00	3.151862e-01
2.407491e+14	1.953508e+01	3.484001e+00	1.953508e+01	3.484001e+00	5.417156e+00	3.151862e-01
2.409132e+14	1.965081e+01	3.565062e+00	1.965081e+01	3.565062e+00	5.429334e+00	3.151862e-01
2.410772e+14	1.976653e+01	3.651607e+00	1.976653e+01	3.651607e+00	5.441512e+00	3.151862e-01
2.412412e+14	1.988225e+01	3.738151e+00	1.988225e+01	3.738151e+00	5.453690e+00	3.151862e-01
2.414052e+14	1.999798e+01	3.824696e+00	1.999798e+01	3.824696e+00	5.465868e+00	3.151862e-01
2.415693e+14	2.011370e+01	3.911241e+00	2.011370e+01	3.911241e+00	5.478046e+00	3.151862e-01
2.417333e+14	2.022943e+01	3.997786e+00	2.022943e+01	3.997786e+00	5.490224e+00	3.151862e-01
2.418973e+14	2.034515e+01	4.084330e+00	2.034515e+01	4.084330e+00	5.502402e+00	3.151862e-01
2.420614e+14	2.046087e+01	4.170875e+00	2.046087e+01	4.170875e+00	5.514580e+00	3.151862e-01
2.422254e+14	2.057660e+01	4.257420e+00	2.057660e+01	4.257420e+00	5.526758e+00	3.151862e-01
2.423894e+14	2.069232e+01	4.343965e+00	2.069232e+01	4.343965e+00	5.538936e+00	3.151862e-01
2.425535e+14	2.081884e+01	4.430509e+00	2.081884e+01	4.430509e+00	5.551114e+00	3.151862e-01
2.427175e+14	2.097502e+01	4.517054e+00	2.097502e+01	4.517054e+00	5.563292e+00	3.151862e-01
2.428815e+14	2.113120e+01	4.603599e+00	2.113120e+01	4.603599e+00	5.575470e+00	3.151862e-01
2.430456e+14	2.128738e+01	4.690144e+00	2.128738e+01	4.690144e+00	5.587648e+00	3.151862e-01
2.432096e+14	2.144356e+01	4.776688e+00	2.144356e+01	4.776688e+00	5.599826e+00	3.151862e-01
2.433736e+14	2.159975e+01	4.863233e+00	2.159975e+01	4.863233e+00	5.612005e+00	3.151862e-01
2.435376e+14	2.175593e+01	4.949778e+00	2.175593e+01	4.949778e+00	5.624183e+00	3.151862e-01
2.437017e+14	2.191211e+01	5.036322e+00	2.191211e+01	5.036322e+00	5.636361e+00	3.151862e-01
2.438657e+14	2.206829e+01	5.122867e+00	2.206829e+01	5.122867e+00	5.648539e+00	3.151862e-01
2.440297e+14	2.222447e+01	5.209412e+00	2.222447e+01	5.209412e+00	5.660717e+00	3.151862e-01
2.441938e+14	2.238066e+01	5.295957e+00	2.238066e+01	5.295957e+00	5.672895e+00	3.151862e-01
2.443578e+14	2.253684e+01	5.382501e+00	2.253684e+01	5.382501e+00	5.685073e+00	3.151862e-01
2.445218e+14	2.269302e+01	5.469046e+00	2.269302e+01	5.469046e+00	5.697251e+00	3.151862e-01
2.446858e+14	2.284920e+01	5.555591e+00	2.284920e+01	5.555591e+00	5.709429e+00	3.151862e-01
2.448499e+14	2.300538e+01	5.642136e+00	2.300538e+01	5.642136e+00	5.721607e+00	3.175267e-01
2.450139e+14	2.316163e+01	5.728680e+00	2.316163e+01	5.728680e+00	5.733785e+00	3.243352e-01
2.451779e+14	2.344353e+01	5.815225e+00	2.344353e+01	5.815225e+00	5.745552e+00	3.311436e-01
2.453420e+14	2.372542e+01	5.909286e+00	2.372542e+01	5.909286e+00	5.756297e+00	3.379520e-01
2.455060e+14	2.400731e+01	6.053357e+00	2.400731e+01	6.053357e+00	5.767042e+00	3.447605e-01
2.456700e+14	2.428920e+01	6.197428e+00	2.428920e+01	6.197428e+00	5.777786e+00	3.515689e-01
2.458341e+14	2.457110e+01	6.341499e+00	2.457110e+01	6.341499e+00	5.788531e+00	3.583774e-01
2.459981e+14	2.485299e+01	6.485570e+00	2.485299e+01	6.485570e+00	5.799276e+00	3.651858e-01
2.461621e+14	2.513488e+01	6.629641e+00	2.513488e+01	6.629641e+00	5.810021e+00	3.719943e-01
2.463262e+14	2.541677e+01	6.773712e+00	2.541677e+01	6.773712e+00	5.820766e+00	3.788027e-01
2.464902e+14	2.569867e+01	6.917783e+00	2.569867e+01	6.917783e+00	5.831510e+00	3.856112e-01
2.466542e+14	2.598056e+01	7.061854e+00	2.598056e+01	7.061854e+00	5.842255e+00	3.924196e-01
2.468182e+14	2.626245e+01	7.205925e+00	2.626245e+01	7.205925e+00	5.853000e+00	3.992281e-01
2.469823e+14	2.654434e+01	7.349997e+00	2.654434e+01	7.349997e+00	5.863745e+00	4.060365e-01
2.471463e+14	2.672723e+01	7.494068e+00	2.672723e+01	7.494068e+00	5.874490e+00	4.128450e-01
2.473103e+14	2.688341e+01	7.638139e+00	2.688341e+01	7.638139e+00	5.885235e+00	4.196534e-01
2.474744e+14	2.703959e+01	7.782210e+00	2.703959e+01	7.782210e+00	5.895979e+00	4.264619e-01
2.476384e+14	2.719577e+01	7.926281e+00	2.719577e+01	7.926281e+00	5.906724e+00	4.332703e-01
2.478024e+14	2.735196e+01	8.070352e+00	2.735196e+01	8.070352e+00	5.917469e+00	4.400788e-01
2.479664e+14	2.750814e+01	8.214423e+00	2.750814e+01	8.214423e+00	5.928214e+00	4.468872e-01
2.481305e+14	2.766432e+01	8.358494e+00	2.766432e+01	8.358494e+00	5.938959e+00	4.536957e-01
2.482945e+14	2.782050e+01	8.502565e+00	2.782050e+01	8.502565e+00	5.949703e+00	4.605041e-01
2.484585e+14	2.797668e+01	8.669189e+00	2.797668e+01	8.669189e+00	5.960448e+00	4.673126e-01
2.486226e+14	2.813287e+01	8.842024e+00	2.813287e+01	8.842024e+00	5.971193e+00	4.741210e-01
2.487866e+14	2.828905e+01	9.014858e+00	2.828905e+01	9.014858e+00	5.981938e+00	4.809295e-01
2.489506e+14	2.844523e+01	9.187692e+00	2.844523e+01	9.187692e+00	5.992683e+00	4.877379e-01
2.491147e+14	2.860141e+01	9.360526e+00	2.860141e+01	9.360526e+00	6.003428e+00	4.945464e-01
2.492787e+14	2.875760e+01	9.533360e+00	2.875760e+01	9.533360e+00	6.014172e+00	5.013548e-01
2.494427e+14	2.891378e+01	9.706194e+00	2.891378e+01	9.706194e+00	6.024917e+00	5.081633e-01
2.496068e+14	2.932760e+01	9.879029e+00	2.932760e+01	9.879029e+00	6.035662e+00	5.149717e-01
2.497708e+14	2.997796e+01	1.005186e+01	2.997796e+01	1.005186e+01	6.046407e+00	5.217802e-01
2.499348e+14	3.062831e+01	1.022470e+01	3.062831e+01	1.022470e+01	6.057152e+00	5.285886e-01
2.500988e+14	3.127866e+01	1.039753e+01	3.127866e+01	1.039753e+01	6.067896e+00	5.353971e-01
2.502629e+14	3.192902e+01	1.057037e+01	3.192902e+01	1.057037e+01	6.078641e+00	5.422055e-01
2.504269e+14	3.257937e+01	1.074320e+01	3.257937e+01	1.074320e+01	6.089386e+00	5.490140e-01
2.505909e+14	3.313980e+01	1.091603e+01	3.313980e+01	1.091603e+01	6.100131e+00	5.558224e-01
2.507550e+14	3.357341e+01	1.108887e+01	3.357341e+01	1.108887e+01	6.110876e+00	5.626309e-01
2.509190e+14	3.400702e+01	1.156089e+01	3.400702e+01	1.156089e+01	6.121621e+00	5.694393e-01
2.510830e+14	3.444064e+01	1.233775e+01	3.444064e+01	1.233775e+01	6.132365e+00	5.762478e-01
2.512470e+14	3.487425e+01	1.311461e+01	3.487425e+01	1.311461e+01	6.143110e+00	5.830562e-01
2.514111e+14	3.530786e+01	1.389147e+01	3.530786e+01	1.389147e+01	6.153855e+00	5.898647e-01
2.515751e+14	3.574147e+01	1.466833e+01	3.574147e+01	1.466833e+01	6.164600e+00	5.966731e-01
2.517391e+14	3.617508e+01	1.544519e+01	3.617508e+01	1.544519e+01	6.175345e+00	6.034816e-01
2.519032e+14	3.660869e+01	1.610734e+01	3.660869e+01	1.610734e+01	6.186089e+00	6.102900e-01
2.520672e+14	3.730777e+01	1.658219e+01	3.730777e+01	1.658219e+01	6.196834e+00	6.170985e-01
2.522312e+14	3.878174e+01	1.705704e+01	3.878174e+01	1.705704e+01	6.207579e+00	6.239069e-01
2.523953e+14	4.025571e+01	1.753189e+01	4.025571e+01	1.753189e+01	6.218324e+00	6.307154e-01
2.525593e+14	4.164215e+01	1.800673e+01	4.164215e+01	1.800673e+01	6.229069e+00	6.375238e-01
2.527233e+14	4.268264e+01	1.848158e+01	4.268264e+01	1.848158e+01	6.239814e+00	6.443323e-01
2.528874e+14	4.372313e+01	1.900204e+01	4.372313e+01	1.900204e+01	6.250558e+00	6.511407e-01
2.530514e+14	4.464331e+01	1.964946e+01	4.464331e+01	1.964946e+01	6.261303e+00	6.579492e-01
2.532154e+14	4.487463e+01	2.029689e+01	4.487463e+01	2.029689e+01	6.272048e+00	6.633253e-01
2.533794e+14	4.510595e+01	2.094432e+01	4.510595e+01	2.094432e+01	6.282793e+00	6.684323e-01
2.535435e+14	4.533727e+01	2.159174e+01	4.533727e+01	2.159174e+01	6.293538e+00	6.735393e-01
2.537075e+14	4.556858e+01	2.223917e+01	4.556858e+01	2.223917e+01	6.304282e+00	6.786464e-01
2.538715e+14	4.579990e+01	2.631026e+01	4.579990e+01	2.631026e+01	6.315027e+00	6.837534e-01
2.540356e+14	4.603122e+01	2.691454e+01	4.603122e+01	2.691454e+01	6.325772e+00	6.888604e-01
2.541996e+14	4.626254e+01	2.751882e+01	4.626254e+01	2.751882e+01	6.336517e+00	6.939675e-01
2.543636e+14	4.649386e+01	2.812310e+01	4.649386e+01	2.812310e+01	6.347262e+00	6.990745e-01
2.545276e+14	4.672518e+01	2.872738e+01	4.672518e+01	2.872738e+01	6.358007e+00	7.041815e-01
2.546917e+14	4.587047e+01	2.933166e+01	4.587047e+01	2.933166e+01	6.368751e+00	7.092886e-01
2.548557e+14	4.500363e+01	3.741277e+01	4.500363e+01	3.741277e+01	6.379496e+00	7.143956e-01
2.550197e+14	4.413679e+01	4.069202e+01	4.413679e+01	4.069202e+01	6.390241e+00	7.195026e-01
2.551838e+14	4.326995e+01	4.397128e+01	4.326995e+01	4.397128e+01	6.400986e+00	7.246097e-01
2.553478e+14	4.240311e+01	4.725053e+01	4.240311e+01	4.725053e+01	6.411731e+00	7.297167e-01
2.555118e+14	4.153628e+01	5.052978e+01	4.153628e+01	5.052978e+01	6.422740e+00	7.348237e-01
2.556759e+14	3.975135e+01	5.380904e+01	3.975135e+01	5.380904e+01	6.433774e+00	7.399308e-01
2.558399e+14	3.784415e+01	5.708829e+01	3.784415e+01	5.708829e+01	6.444808e+00	7.450378e-01
2.560039e+14	3.593695e+01	6.187218e+01	3.593695e+01	6.187218e+01	6.455842e+00	7.501448e-01
2.561680e+14	3.424542e+01	6.679094e+01	3.424542e+01	6.679094e+01	6.466876e+00	7.552519e-01
2.563320e+14	3.259831e+01	7.170969e+01	3.259831e+01	7.170969e+01	6.477910e+00	7.603589e-01
2.564960e+14	3.095121e+01	7.296754e+01	3.095121e+01	7.296754e+01	6.488944e+00	7.654659e-01
2.566600e+14	2.930410e+01	7.362935e+01	2.930410e+01	7.362935e+01	6.499978e+00	7.705730e-01
2.568241e+14	2.765699e+01	7.429116e+01	2.765699e+01	7.429116e+01	6.511012e+00	7.756800e-01
2.569881e+14	2.600988e+01	7.495297e+01	2.600988e+01	7.495297e+01	6.522046e+00	7.807870e-01
2.571521e+14	2.110445e+01	7.561478e+01	2.110445e+01	7.561478e+01	6.533080e+00	7.858941e-01
2.573162e+14	1.494911e+01	7.627658e+01	1.494911e+01	7.627658e+01	6.544113e+00	7.910011e-01
2.574802e+14	8.793774e+00	7.693839e+01	8.793774e+00	7.693839e+01	6.555147e+00	7.961081e-01
2.576442e+14	2.638438e+00	7.760020e+01	2.638438e+00	7.760020e+01	6.566181e+00	8.012152e-01
2.578082e+14	-3.516898e+00	7.826201e+01	-3.516898e+00	7.826201e+01	6.577215e+00	8.063222e-01
2.579723e+14	-9.672234e+00	7.642520e+01	-9.672234e+00	7.642520e+01	6.588249e+00	8.114292e-01
2.581363e+14	-1.411786e+01	7.344847e+01	-1.411786e+01	7.344847e+01	6.599283e+00	8.165363e-01
2.583003e+14	-1.749890e+01	7.047174e+01	-1.749890e+01	7.047174e+01	6.610317e+00	8.216433e-01
2.584644e+14	-2.087995e+01	6.749500e+01	-2.087995e+01	6.749500e+01	6.621351e+00	8.267503e-01
2.586284e+14	-2.426099e+01	6.451827e+01	-2.426099e+01	6.451827e+01	6.632385e+00	8.318574e-01
2.587924e+14	-2.764203e+01	6.154154e+01	-2.764203e+01	6.154154e+01	6.643419e+00	8.369644e-01
2.589565e+14	-3.102307e+01	5.923020e+01	-3.102307e+01	5.923020e+01	6.654453e+00	8.420714e-01
2.591205e+14	-3.365277e+01	5.741838e+01	-3.365277e+01	5.741838e+01	6.665487e+00	8.471785e-01
2.592845e+14	-3.555997e+01	5.560655e+01	-3.555997e+01	5.560655e+01	6.676521e+00	8.522855e-01
2.594486e+14	-3.746717e+01	5.379473e+01	-3.746717e+01	5.379473e+01	6.687555e+00	8.573925e-01
2.596126e+14	-3.836110e+01	5.198291e+01	-3.836110e+01	5.198291e+01	6.698589e+00	8.624996e-01
2.597766e+14	-3.804886e+01	5.017108e+01	-3.804886e+01	5.017108e+01	6.709623e+00	8.676066e-01
2.599406e+14	-3.773663e+01	4.812334e+01	-3.773663e+01	4.812334e+01	6.720657e+00	8.727136e-01
2.601047e+14	-3.742439e+01	4.579378e+01	-3.742439e+01	4.579378e+01	6.731691e+00	8.778207e-01
2.602687e+14	-3.711216e+01	4.346422e+01	-3.711216e+01	4.346422e+01	6.742725e+00	8.829277e-01
2.604327e+14	-3.679992e+01	4.072263e+01	-3.679992e+01	4.072263e+01	6.753759e+00	8.880347e-01
2.605968e+14	-3.648768e+01	3.735759e+01	-3.648768e+01	3.735759e+01	6.764793e+00	8.931418e-01
2.607608e+14	-3.617545e+01	3.399256e+01	-3.617545e+01	3.399256e+01	6.775827e+00	8.982488e-01
2.609248e+14	-3.586321e+01	3.137601e+01	-3.586321e+01	3.137601e+01	6.786861e+00	9.033558e-01
2.610888e+14	-3.555097e+01	3.021136e+01	-3.555097e+01	3.021136e+01	6.797895e+00	9.084629e-01
2.612529e+14	-3.523874e+01	2.904671e+01	-3.523874e+01	2.904671e+01	6.808929e+00	9.135699e-01
2.614169e+14	-3.492650e+01	2.788205e+01	-3.492650e+01	2.788205e+01	6.819963e+00	9.186769e-01
2.615809e+14	-3.461427e+01	2.671740e+01	-3.461427e+01	2.671740e+01	6.830997e+00	9.237840e-01
2.617450e+14	-3.430203e+01	2.555275e+01	-3.430203e+01	2.555275e+01	6.842031e+00	9.288910e-01
2.619090e+14	-3.398979e+01	2.437841e+01	-3.398979e+01	2.437841e+01	6.853065e+00	9.339980e-01
2.620730e+14	-3.362558e+01	2.317061e+01	-3.362558e+01	2.317061e+01	6.864099e+00	9.391051e-01
2.622371e+14	-3.304025e+01	2.196281e+01	-3.304025e+01	2.196281e+01	6.875133e+00	9.442121e-01
2.624011e+14	-3.245492e+01	2.075501e+01	-3.245492e+01	2.075501e+01	6.886167e+00	9.493191e-01
2.625651e+14	-3.186959e+01	1.954722e+01	-3.186959e+01	1.954722e+01	6.897201e+00	9.544262e-01
2.627292e+14	-3.128426e+01	1.833942e+01	-3.128426e+01	1.833942e+01	6.908235e+00	9.595332e-01
2.628932e+14	-3.069892e+01	1.715987e+01	-3.069892e+01	1.715987e+01	6.922635e+00	9.646402e-01
2.630572e+14	-3.011359e+01	1.621095e+01	-3.011359e+01	1.621095e+01	6.943815e+00	9.697473e-01
2.632212e+14	-2.952826e+01	1.526202e+01	-2.952826e+01	1.526202e+01	6.964995e+00	9.748543e-01
2.633853e+14	-2.894293e+01	1.431309e+01	-2.894293e+01	1.431309e+01	6.986174e+00	9.799613e-01
2.635493e+14	-2.835760e+01	1.336416e+01	-2.835760e+01	1.336416e+01	7.007354e+00	9.850684e-01
2.637133e+14	-2.777227e+01	1.241523e+01	-2.777227e+01	1.241523e+01	7.028534e+00	9.901754e-01
2.638774e+14	-2.718694e+01	1.146630e+01	-2.718694e+01	1.146630e+01	7.049714e+00	9.952824e-01
2.640414e+14	-2.660161e+01	1.113898e+01	-2.660161e+01	1.113898e+01	7.070894e+00	1.000389e+00
2.642054e+14	-2.605159e+01	1.081565e+01	-2.605159e+01	1.081565e+01	7.092073e+00	1.009559e+00
2.643694e+14	-2.550238e+01	1.049232e+01	-2.550238e+01	1.049232e+01	7.113253e+00	1.022550e+00
2.645335e+14	-2.495317e+01	1.016899e+01	-2.495317e+01	1.016899e+01	7.134433e+00	1.035542e+00
2.646975e+14	-2.440396e+01	9.845657e+00	-2.440396e+01	9.845657e+00	7.155613e+00	1.048533e+00
2.648615e+14	-2.385476e+01	9.522326e+00	-2.385476e+01	9.522326e+00	7.176793e+00	1.061525e+00
2.650256e+14	-2.330555e+01	9.198996e+00	-2.330555e+01	9.198996e+00	7.197973e+00	1.074516e+00
2.651896e+14	-2.275634e+01	8.875666e+00	-2.275634e+01	8.875666e+00	7.219152e+00	1.087508e+00
2.653536e+14	-2.220714e+01	8.552336e+00	-2.220714e+01	8.552336e+00	7.240332e+00	1.100499e+00
2.655177e+14	-2.165793e+01	8.229006e+00	-2.165793e+01	8.229006e+00	7.261512e+00	1.113491e+00
2.656817e+14	-2.120324e+01	7.905676e+00	-2.120324e+01	7.905676e+00	7.282692e+00	1.126482e+00
2.658457e+14	-2.076963e+01	7.582346e+00	-2.076963e+01	7.582346e+00	7.303872e+00	1.139474e+00
2.660098e+14	-2.033602e+01	7.383571e+00	-2.033602e+01	7.383571e+00	7.325051e+00	1.152465e+00
2.661738e+14	-1.990240e+01	7.223574e+00	-1.990240e+01	7.223574e+00	7.346231e+00	1.165457e+00
2.663378e+14	-1.946879e+01	7.063578e+00	-1.946879e+01	7.063578e+00	7.367411e+00	1.178448e+00
2.665018e+14	-1.903518e+01	6.903581e+00	-1.903518e+01	6.903581e+00	7.388591e+00	1.191440e+00
2.666659e+14	-1.860157e+01	6.743585e+00	-1.860157e+01	6.743585e+00	7.409771e+00	1.204431e+00
2.668299e+14	-1.816796e+01	6.583588e+00	-1.816796e+01	6.583588e+00	7.430612e+00	1.217423e+00
2.669939e+14	-1.773435e+01	6.423592e+00	-1.773435e+01	6.423592e+00	7.450772e+00	1.230414e+00
2.671580e+14	-1.730074e+01	6.263595e+00	-1.730074e+01	6.263595e+00	7.470933e+00	1.243406e+00
2.673220e+14	-1.686712e+01	6.103599e+00	-1.686712e+01	6.103599e+00	7.491093e+00	1.256397e+00
2.674860e+14	-1.643351e+01	5.943602e+00	-1.643351e+01	5.943602e+00	7.511253e+00	1.269389e+00
2.676500e+14	-1.613096e+01	5.783605e+00	-1.613096e+01	5.783605e+00	7.531413e+00	1.282380e+00
2.678141e+14	-1.591409e+01	5.623609e+00	-1.591409e+01	5.623609e+00	7.551574e+00	1.295372e+00
2.679781e+14	-1.569722e+01	5.463612e+00	-1.569722e+01	5.463612e+00	7.571734e+00	1.308363e+00
2.681421e+14	-1.548035e+01	5.303616e+00	-1.548035e+01	5.303616e+00	7.591894e+00	1.321355e+00
2.683062e+14	-1.526348e+01	5.143619e+00	-1.526348e+01	5.143619e+00	7.612054e+00	1.334346e+00
2.684702e+14	-1.504661e+01	4.983623e+00	-1.504661e+01	4.983623e+00	7.632215e+00	1.349358e+00
2.686342e+14	-1.482974e+01	4.823626e+00	-1.482974e+01	4.823626e+00	7.652375e+00	1.403817e+00
2.687983e+14	-1.461287e+01	4.663630e+00	-1.461287e+01	4.663630e+00	7.672535e+00	1.458276e+00
2.689623e+14	-1.439600e+01	4.503633e+00	-1.439600e+01	4.503633e+00	7.692695e+00	1.512735e+00
2.691263e+14	-1.417913e+01	4.343637e+00	-1.417913e+01	4.343637e+00	7.712856e+00	1.567194e+00
2.692904e+14	-1.396226e+01	4.183640e+00	-1.396226e+01	4.183640e+00	7.733016e+00	1.621653e+00
2.694544e+14	-1.374539e+01	4.062509e+00	-1.374539e+01	4.062509e+00	7.753176e+00	1.676112e+00
2.696184e+14	-1.352852e+01	4.010990e+00	-1.352852e+01	4.010990e+00	7.773336e+00	1.730571e+00
2.697824e+14	-1.331165e+01	3.959472e+00	-1.331165e+01	3.959472e+00	7.793497e+00	1.785030e+00
2.699465e+14	-1.309478e+01	3.907954e+00	-1.309478e+01	3.907954e+00	7.813657e+00	1.839489e+00
2.701105e+14	-1.287792e+01	3.856435e+00	-1.287792e+01	3.856435e+00	7.833817e+00	1.893948e+00
2.702745e+14	-1.266105e+01	3.804917e+00	-1.266105e+01	3.804917e+00	7.853977e+00	1.948407e+00
2.704386e+14	-1.244418e+01	3.753399e+00	-1.244418e+01	3.753399e+00	7.874137e+00	2.002866e+00
2.706026e+14	-1.222731e+01	3.701880e+00	-1.222731e+01	3.701880e+00	7.894298e+00	2.057325e+00
2.707666e+14	-1.201044e+01	3.650362e+00	-1.201044e+01	3.650362e+00	7.914458e+00	2.111784e+00
2.709306e+14	-1.179357e+01	3.598843e+00	-1.179357e+01	3.598843e+00	7.934618e+00	2.166243e+00
2.710947e+14	-1.157670e+01	3.547325e+00	-1.157670e+01	3.547325e+00	7.954778e+00	2.220702e+00
2.712587e+14	-1.135983e+01	3.495807e+00	-1.135983e+01	3.495807e+00	7.974939e+00	2.275162e+00
2.714227e+14	-1.114296e+01	3.444288e+00	-1.114296e+01	3.444288e+00	7.995099e+00	2.329621e+00
2.715868e+14	-1.093694e+01	3.392770e+00	-1.093694e+01	3.392770e+00	8.015259e+00	2.384080e+00
2.717508e+14	-1.078075e+01	3.341252e+00	-1.078075e+01	3.341252e+00	8.035419e+00	2.438539e+00
2.719148e+14	-1.062457e+01	3.289733e+00	-1.062457e+01	3.289733e+00	8.055580e+00	2.492998e+00
2.720789e+14	-1.046839e+01	3.238215e+00	-1.046839e+01	3.238215e+00	8.075740e+00	2.547457e+00
2.722429e+14	-1.031221e+01	3.186696e+00	-1.031221e+01	3.186696e+00	8.095900e+00	2.601916e+00
2.724069e+14	-1.015603e+01	3.135178e+00	-1.015603e+01	3.135178e+00	8.132493e+00	2.656375e+00
2.725710e+14	-9.999843e+00	3.083660e+00	-9.999843e+00	3.083660e+00	8.175065e+00	2.710834e+00
2.727350e+14	-9.843661e+00	3.032141e+00	-9.843661e+00	3.032141e+00	8.217636e+00	2.765293e+00
2.728990e+14	-9.687479e+00	2.980623e+00	-9.687479e+00	2.980623e+00	8.260208e+00	2.819752e+00
2.730630e+14	-9.531297e+00	2.929105e+00	-9.531297e+00	2.929105e+00	8.302780e+00	2.874211e+00
2.732271e+14	-9.375115e+00	2.877586e+00	-9.375115e+00	2.877586e+00	8.345352e+00	2.928670e+00
2.733911e+14	-9.218932e+00	2.826068e+00	-9.218932e+00	2.826068e+00	8.387923e+00	2.983129e+00
2.735551e+14	-9.062750e+00	2.774549e+00	-9.062750e+00	2.774549e+00	8.430495e+00	3.037588e+00
2.737192e+14	-8.906568e+00	2.723031e+00	-8.906568e+00	2.723031e+00	8.473067e+00	3.092047e+00
2.738832e+14	-8.750386e+00	2.671513e+00	-8.750386e+00	2.671513e+00	8.515639e+00	3.146506e+00
2.740472e+14	-8.594204e+00	2.619994e+00	-8.594204e+00	2.619994e+00	8.558210e+00	3.200965e+00
2.742112e+14	-8.438022e+00	2.568476e+00	-8.438022e+00	2.568476e+00	8.600782e+00	3.255424e+00
2.743753e+14	-8.281840e+00	2.516958e+00	-8.281840e+00	2.516958e+00	8.643354e+00	3.309883e+00
2.745393e+14	-8.125658e+00	2.490313e+00	-8.125658e+00	2.490313e+00	8.685926e+00	3.364342e+00
2.747033e+14	-7.969476e+00	2.470655e+00	-7.969476e+00	2.470655e+00	8.728498e+00	3.418801e+00
2.748674e+14	-7.813294e+00	2.450998e+00	-7.813294e+00	2.450998e+00	8.771069e+00	3.473260e+00
2.750314e+14	-7.657112e+00	2.431340e+00	-7.657112e+00	2.431340e+00	8.813641e+00	3.527719e+00
2.751954e+14	-7.500930e+00	2.411682e+00	-7.500930e+00	2.411682e+00	8.856213e+00	3.582135e+00
2.753595e+14	-7.344747e+00	2.392025e+00	-7.344747e+00	2.392025e+00	8.898785e+00	3.632004e+00
2.755235e+14	-7.188565e+00	2.372367e+00	-7.188565e+00	2.372367e+00	8.941356e+00	3.681873e+00
2.756875e+14	-7.032383e+00	2.352709e+00	-7.032383e+00	2.352709e+00	8.983928e+00	3.731743e+00
2.758516e+14	-6.876201e+00	2.333052e+00	-6.876201e+00	2.333052e+00	9.026500e+00	3.781612e+00
2.760156e+14	-6.720019e+00	2.313394e+00	-6.720019e+00	2.313394e+00	9.069072e+00	3.831481e+00
2.761796e+14	-6.563837e+00	2.293736e+00	-6.563837e+00	2.293736e+00	9.111643e+00	3.881351e+00
2.763436e+14	-6.407655e+00	2.274079e+00	-6.407655e+00	2.274079e+00	9.129356e+00	3.931220e+00
2.765077e+14	-6.251473e+00	2.254421e+00	-6.251473e+00	2.254421e+00	9.137048e+00	3.981090e+00
2.766717e+14	-6.123309e+00	2.234763e+00	-6.123309e+00	2.234763e+00	9.144740e+00	4.030959e+00
2.768357e+14	-6.010475e+00	2.215106e+00	-6.010475e+00	2.215106e+00	9.152432e+00	4.080828e+00
2.769998e+14	-5.897641e+00	2.195448e+00	-5.897641e+00	2.195448e+00	9.160124e+00	4.130698e+00
2.771638e+14	-5.784807e+00	2.175790e+00	-5.784807e+00	2.175790e+00	9.167816e+00	4.180567e+00
2.773278e+14	-5.671974e+00	2.156133e+00	-5.671974e+00	2.156133e+00	9.175508e+00	4.230436e+00
2.774918e+14	-5.559140e+00	2.136475e+00	-5.559140e+00	2.136475e+00	9.183200e+00	4.280306e+00
2.776559e+14	-5.446306e+00	2.116817e+00	-5.446306e+00	2.116817e+00	9.190892e+00	4.330175e+00
2.778199e+14	-5.333472e+00	2.097160e+00	-5.333472e+00	2.097160e+00	9.198584e+00	4.380045e+00
2.779839e+14	-5.220639e+00	2.077502e+00	-5.220639e+00	2.077502e+00	9.206276e+00	4.429914e+00
2.781480e+14	-5.107805e+00	2.057844e+00	-5.107805e+00	2.057844e+00	9.213968e+00	4.479783e+00
2.783120e+14	-4.994971e+00	2.038187e+00	-4.994971e+00	2.038187e+00	9.221660e+00	4.529653e+00
2.784760e+14	-4.882137e+00	2.018529e+00	-4.882137e+00	2.018529e+00	9.229352e+00	4.579522e+00
2.786401e+14	-4.769304e+00	1.998871e+00	-4.769304e+00	1.998871e+00	9.237044e+00	4.629391e+00
2.788041e+14	-4.656470e+00	1.979214e+00	-4.656470e+00	1.979214e+00	9.244736e+00	4.679261e+00
2.789681e+14	-4.543636e+00	1.959556e+00	-4.543636e+00	1.959556e+00	9.252428e+00	4.729130e+00
2.791322e+14	-4.430802e+00	1.939898e+00	-4.430802e+00	1.939898e+00	9.260120e+00	4.778999e+00
2.792962e+14	-4.317969e+00	1.920241e+00	-4.317969e+00	1.920241e+00	9.267812e+00	4.891672e+00
2.794602e+14	-4.205135e+00	1.900583e+00	-4.205135e+00	1.900583e+00	9.275504e+00	5.013098e+00
2.796242e+14	-4.092301e+00	1.880926e+00	-4.092301e+00	1.880926e+00	9.283196e+00	5.134524e+00
2.797883e+14	-3.979467e+00	1.861268e+00	-3.979467e+00	1.861268e+00	9.275005e+00	5.255950e+00
2.799523e+14	-3.866634e+00	1.841610e+00	-3.866634e+00	1.841610e+00	9.155036e+00	5.377376e+00
2.801163e+14	-3.753800e+00	1.821953e+00	-3.753800e+00	1.821953e+00	9.035068e+00	5.498802e+00
2.802804e+14	-3.640966e+00	1.802295e+00	-3.640966e+00	1.802295e+00	8.915099e+00	5.620228e+00
2.804444e+14	-3.528132e+00	1.782637e+00	-3.528132e+00	1.782637e+00	8.795130e+00	5.741654e+00
2.806084e+14	-3.415299e+00	1.762980e+00	-3.415299e+00	1.762980e+00	8.675161e+00	5.863080e+00
2.807724e+14	-3.302465e+00	1.743322e+00	-3.302465e+00	1.743322e+00	8.555192e+00	5.984506e+00
2.809365e+14	-3.189631e+00	1.723937e+00	-3.189631e+00	1.723937e+00	8.435224e+00	6.105932e+00
2.811005e+14	-3.076798e+00	1.713406e+00	-3.076798e+00	1.713406e+00	8.315255e+00	6.227359e+00
2.812645e+14	-2.963964e+00	1.702875e+00	-2.963964e+00	1.702875e+00	8.195286e+00	6.348785e+00
2.814286e+14	-2.851130e+00	1.692344e+00	-2.851130e+00	1.692344e+00	8.075317e+00	6.470211e+00
2.815926e+14	-2.747374e+00	1.681813e+00	-2.747374e+00	1.681813e+00	7.955348e+00	6.591637e+00
2.817566e+14	-2.714219e+00	1.671282e+00	-2.714219e+00	1.671282e+00	7.835379e+00	6.713063e+00
2.819207e+14	-2.681063e+00	1.660751e+00	-2.681063e+00	1.660751e+00	7.715411e+00	6.834489e+00
2.820847e+14	-2.647908e+00	1.650220e+00	-2.647908e+00	1.650220e+00	7.595442e+00	6.963322e+00
2.822487e+14	-2.614752e+00	1.639690e+00	-2.614752e+00	1.639690e+00	7.475473e+00	7.093093e+00
2.824128e+14	-2.581597e+00	1.629159e+00	-2.581597e+00	1.629159e+00	7.355504e+00	7.222863e+00
2.825768e+14	-2.548442e+00	1.618628e+00	-2.548442e+00	1.618628e+00	7.235535e+00	7.352634e+00
2.827408e+14	-2.515286e+00	1.608097e+00	-2.515286e+00	1.608097e+00	7.115567e+00	7.482405e+00
2.829048e+14	-2.482131e+00	1.597566e+00	-2.482131e+00	1.597566e+00	6.995598e+00	7.612176e+00
2.830689e+14	-2.448976e+00	1.587035e+00	-2.448976e+00	1.587035e+00	6.875629e+00	7.741946e+00
2.832329e+14	-2.415820e+00	1.576504e+00	-2.415820e+00	1.576504e+00	6.755660e+00	7.871717e+00
2.833969e+14	-2.382665e+00	1.565973e+00	-2.382665e+00	1.565973e+00	6.549795e+00	8.001488e+00
2.835610e+14	-2.349510e+00	1.555442e+00	-2.349510e+00	1.555442e+00	6.296804e+00	8.131259e+00
2.837250e+14	-2.316354e+00	1.544912e+00	-2.316354e+00	1.544912e+00	6.043813e+00	8.261030e+00
2.838890e+14	-2.283199e+00	1.534381e+00	-2.283199e+00	1.534381e+00	5.790822e+00	8.390800e+00
2.840530e+14	-2.250043e+00	1.523850e+00	-2.250043e+00	1.523850e+00	5.537831e+00	8.520571e+00
2.842171e+14	-2.216888e+00	1.513319e+00	-2.216888e+00	1.513319e+00	5.284840e+00	8.650342e+00
2.843811e+14	-2.183733e+00	1.502788e+00	-2.183733e+00	1.502788e+00	5.031849e+00	8.733617e+00
2.845451e+14	-2.150577e+00	1.492257e+00	-2.150577e+00	1.492257e+00	4.778858e+00	8.715709e+00
2.847092e+14	-2.117422e+00	1.481726e+00	-2.117422e+00	1.481726e+00	4.525867e+00	8.697802e+00
2.848732e+14	-2.084267e+00	1.471195e+00	-2.084267e+00	1.471195e+00	4.297071e+00	8.679894e+00
2.850372e+14	-2.051111e+00	1.460665e+00	-2.051111e+00	1.460665e+00	4.205503e+00	8.661987e+00
2.852013e+14	-2.017956e+00	1.450134e+00	-2.017956e+00	1.450134e+00	4.113935e+00	8.644079e+00
2.853653e+14	-1.984800e+00	1.439603e+00	-1.984800e+00	1.439603e+00	4.022367e+00	8.626171e+00
2.855293e+14	-1.951645e+00	1.429072e+00	-1.951645e+00	1.429072e+00	3.930799e+00	8.608264e+00
2.856934e+14	-1.918490e+00	1.418541e+00	-1.918490e+00	1.418541e+00	3.839230e+00	8.590356e+00
2.858574e+14	-1.885334e+00	1.408010e+00	-1.885334e+00	1.408010e+00	3.747662e+00	8.572449e+00
2.860214e+14	-1.852179e+00	1.397479e+00	-1.852179e+00	1.397479e+00	3.656094e+00	8.554541e+00
2.861854e+14	-1.819024e+00	1.386948e+00	-1.819024e+00	1.386948e+00	3.564526e+00	8.536633e+00
2.863495e+14	-1.785868e+00	1.376417e+00	-1.785868e+00	1.376417e+00	3.472958e+00	8.518726e+00
2.865135e+14	-1.752713e+00	1.365887e+00	-1.752713e+00	1.365887e+00	3.381390e+00	8.500818e+00
2.866775e+14	-1.719558e+00	1.355356e+00	-1.719558e+00	1.355356e+00	3.289822e+00	8.482911e+00
2.868416e+14	-1.686402e+00	1.344825e+00	-1.686402e+00	1.344825e+00	3.198254e+00	8.465003e+00
2.870056e+14	-1.653247e+00	1.334294e+00	-1.653247e+00	1.334294e+00	3.106686e+00	8.447095e+00
2.871696e+14	-1.620091e+00	1.323763e+00	-1.620091e+00	1.323763e+00	3.015118e+00	8.429188e+00
2.873336e+14	-1.586936e+00	1.313232e+00	-1.586936e+00	1.313232e+00	2.923550e+00	8.411280e+00
2.874977e+14	-1.553781e+00	1.302701e+00	-1.553781e+00	1.302701e+00	2.831982e+00	8.393373e+00
2.876617e+14	-1.520625e+00	1.292170e+00	-1.520625e+00	1.292170e+00	2.740414e+00	8.375465e+00
2.878257e+14	-1.487470e+00	1.281639e+00	-1.487470e+00	1.281639e+00	2.648845e+00	8.357558e+00
2.879898e+14	-1.454315e+00	1.271109e+00	-1.454315e+00	1.271109e+00	2.557277e+00	8.339650e+00
2.881538e+14	-1.421159e+00	1.260578e+00	-1.421159e+00	1.260578e+00	2.465709e+00	8.321742e+00
2.883178e+14	-1.388004e+00	1.250047e+00	-1.388004e+00	1.250047e+00	2.374141e+00	8.303835e+00
2.884819e+14	-1.354849e+00	1.239516e+00	-1.354849e+00	1.239516e+00	2.282573e+00	8.285927e+00
2.886459e+14	-1.321693e+00	1.228985e+00	-1.321693e+00	1.228985e+00	2.191005e+00	8.268020e+00
2.888099e+14	-1.288538e+00	1.218454e+00	-1.288538e+00	1.218454e+00	2.099437e+00	8.250112e+00
2.889740e+14	-1.255382e+00	1.208303e+00	-1.255382e+00	1.208303e+00	2.007869e+00	8.232204e+00
2.891380e+14	-1.222227e+00	1.201368e+00	-1.222227e+00	1.201368e+00	1.916301e+00	8.189918e+00
2.893020e+14	-1.189072e+00	1.194432e+00	-1.189072e+00	1.194432e+00	1.841776e+00	8.124552e+00
2.894660e+14	-1.155916e+00	1.187497e+00	-1.155916e+00	1.187497e+00	1.769832e+00	8.059187e+00
2.896301e+14	-1.122761e+00	1.180561e+00	-1.122761e+00	1.180561e+00	1.697889e+00	7.993821e+00
2.897941e+14	-1.089606e+00	1.173626e+00	-1.089606e+00	1.173626e+00	1.625945e+00	7.928455e+00
2.899581e+14	-1.056450e+00	1.166690e+00	-1.056450e+00	1.166690e+00	1.554002e+00	7.863089e+00
2.901222e+14	-1.023295e+00	1.159755e+00	-1.023295e+00	1.159755e+00	1.482058e+00	7.797724e+00
2.902862e+14	-9.901395e-01	1.152819e+00	-9.901395e-01	1.152819e+00	1.410114e+00	7.732358e+00
2.904502e+14	-9.569841e-01	1.145884e+00	-9.569841e-01	1.145884e+00	1.338171e+00	7.666992e+00
2.906142e+14	-9.238287e-01	1.138948e+00	-9.238287e-01	1.138948e+00	1.266227e+00	7.601626e+00
2.907783e+14	-8.906734e-01	1.132013e+00	-8.906734e-01	1.132013e+00	1.194284e+00	7.536261e+00
2.909423e+14	-8.575180e-01	1.125077e+00	-8.575180e-01	1.125077e+00	1.122340e+00	7.470895e+00
2.911063e+14	-8.243626e-01	1.118142e+00	-8.243626e-01	1.118142e+00	1.050396e+00	7.405529e+00
2.912704e+14	-7.912073e-01	1.111206e+00	-7.912073e-01	1.111206e+00	9.784528e-01	7.340163e+00
2.914344e+14	-7.580519e-01	1.104271e+00	-7.580519e-01	1.104271e+00	9.065092e-01	7.274798e+00
2.915984e+14	-7.248965e-01	1.097335e+00	-7.248965e-01	1.097335e+00	8.345656e-01	7.209432e+00
2.917625e+14	-6.917412e-01	1.090400e+00	-6.917412e-01	1.090400e+00	7.626220e-01	7.144066e+00
2.919265e+14	-6.585858e-01	1.083464e+00	-6.585858e-01	1.083464e+00	6.906784e-01	7.078700e+00
2.920905e+14	-6.254304e-01	1.076529e+00	-6.254304e-01	1.076529e+00	6.187348e-01	7.013335e+00
2.922546e+14	-6.048509e-01	1.069593e+00	-6.048509e-01	1.069593e+00	5.467912e-01	6.947969e+00
2.924186e+14	-5.843236e-01	1.062658e+00	-5.843236e-01	1.062658e+00	4.748476e-01	6.882603e+00
2.925826e+14	-5.637963e-01	1.055722e+00	-5.637963e-01	1.055722e+00	4.029040e-01	6.817237e+00
2.927466e+14	-5.432691e-01	1.048787e+00	-5.432691e-01	1.048787e+00	3.309605e-01	6.751872e+00
2.929107e+14	-5.227418e-01	1.041851e+00	-5.227418e-01	1.041851e+00	2.590169e-01	6.686506e+00
2.930747e+14	-5.022145e-01	1.034916e+00	-5.022145e-01	1.034916e+00	1.870733e-01	6.621140e+00
2.932387e+14	-4.816872e-01	1.027981e+00	-4.816872e-01	1.027981e+00	1.574248e-01	6.555774e+00
2.934028e+14	-4.611600e-01	1.021045e+00	-4.611600e-01	1.021045e+00	1.296496e-01	6.483877e+00
2.935668e+14	-4.406327e-01	1.014110e+00	-4.406327e-01	1.014110e+00	1.018745e-01	6.387772e+00
2.937308e+14	-4.201054e-01	1.007174e+00	-4.201054e-01	1.007174e+00	7.409927e-02	6.291668e+00
2.938948e+14	-3.995781e-01	1.000239e+00	-3.995781e-01	1.000239e+00	4.632409e-02	6.195563e+00
2.940589e+14	-3.790508e-01	9.933030e-01	-3.790508e-01	9.933030e-01	1.854890e-02	6.099458e+00
2.942229e+14	-3.585236e-01	9.863675e-01	-3.585236e-01	9.863675e-01	-9.226285e-03	6.003354e+00
2.943869e+14	-3.379963e-01	9.794321e-01	-3.379963e-01	9.794321e-01	-3.700147e-02	5.907249e+00
2.945510e+14	-3.174690e-01	9.724966e-01	-3.174690e-01	9.724966e-01	-6.477666e-02	5.811144e+00
2.947150e+14	-2.969417e-01	9.655611e-01	-2.969417e-01	9.655611e-01	-9.255184e-02	5.715040e+00
2.948790e+14	-2.764144e-01	9.586256e-01	-2.764144e-01	9.586256e-01	-1.203270e-01	5.618935e+00
2.950431e+14	-2.558872e-01	9.516901e-01	-2.558872e-01	9.516901e-01	-1.481022e-01	5.522831e+00
2.952071e+14	-2.353599e-01	9.447546e-01	-2.353599e-01	9.447546e-01	-1.758774e-01	5.426726e+00
2.953711e+14	-2.148326e-01	9.378191e-01	-2.148326e-01	9.378191e-01	-2.036526e-01	5.330621e+00
2.955352e+14	-1.943053e-01	9.308836e-01	-1.943053e-01	9.308836e-01	-2.314278e-01	5.234517e+00
2.956992e+14	-1.737780e-01	9.239481e-01	-1.737780e-01	9.239481e-01	-2.592030e-01	5.138412e+00
2.958632e+14	-1.532508e-01	9.170126e-01	-1.532508e-01	9.170126e-01	-2.869781e-01	5.042307e+00
2.960272e+14	-1.327235e-01	9.100771e-01	-1.327235e-01	9.100771e-01	-3.147533e-01	4.946203e+00
2.961913e+14	-1.121962e-01	9.031416e-01	-1.121962e-01	9.031416e-01	-3.425285e-01	4.850098e+00
2.963553e+14	-9.166893e-02	8.962061e-01	-9.166893e-02	8.962061e-01	-3.703037e-01	4.753993e+00
2.965193e+14	-7.114165e-02	8.892706e-01	-7.114165e-02	8.892706e-01	-3.980789e-01	4.657889e+00
2.966834e+14	-5.061437e-02	8.823352e-01	-5.061437e-02	8.823352e-01	-4.258541e-01	4.561784e+00
2.968474e+14	-3.008709e-02	8.753997e-01	-3.008709e-02	8.753997e-01	-4.536293e-01	4.465680e+00
2.970114e+14	-9.559815e-03	8.684642e-01	-9.559815e-03	8.684642e-01	-4.814045e-01	4.382691e+00
2.971754e+14	1.096746e-02	8.615287e-01	1.096746e-02	8.615287e-01	-5.091796e-01	4.304170e+00
2.973395e+14	3.149474e-02	8.545932e-01	3.149474e-02	8.545932e-01	-5.369548e-01	4.225648e+00
2.975035e+14	5.202202e-02	8.476577e-01	5.202202e-02	8.476577e-01	-5.647300e-01	4.147127e+00
2.976675e+14	7.254930e-02	8.407222e-01	7.254930e-02	8.407222e-01	-5.925052e-01	4.068606e+00
2.978316e+14	9.307658e-02	8.337867e-01	9.307658e-02	8.337867e-01	-6.202804e-01	3.990085e+00
2.979956e+14	1.136039e-01	8.268512e-01	1.136039e-01	8.268512e-01	-6.480556e-01	3.911564e+00
2.981596e+14	1.341311e-01	8.199157e-01	1.341311e-01	8.199157e-01	-6.758308e-01	3.833043e+00
2.983237e+14	1.546584e-01	8.129802e-01	1.546584e-01	8.129802e-01	-6.651233e-01	3.754522e+00
2.984877e+14	1.751857e-01	8.060447e-01	1.751857e-01	8.060447e-01	-6.458900e-01	3.676000e+00
2.986517e+14	1.957130e-01	7.991092e-01	1.957130e-01	7.991092e-01	-6.266567e-01	3.597479e+00
2.988158e+14	2.162403e-01	7.921737e-01	2.162403e-01	7.921737e-01	-6.074235e-01	3.518958e+00
2.989798e+14	2.367675e-01	7.852382e-01	2.367675e-01	7.852382e-01	-5.881902e-01	3.440437e+00
2.991438e+14	2.572948e-01	7.783028e-01	2.572948e-01	7.783028e-01	-5.689569e-01	3.361916e+00
2.993078e+14	2.778221e-01	7.713673e-01	2.778221e-01	7.713673e-01	-5.497236e-01	3.283395e+00
2.994719e+14	2.983494e-01	7.644318e-01	2.983494e-01	7.644318e-01	-5.304904e-01	3.204874e+00
2.996359e+14	3.188766e-01	7.574963e-01	3.188766e-01	7.574963e-01	-5.112571e-01	3.126352e+00
2.997999e+14	3.394039e-01	7.505608e-01	3.394039e-01	7.505608e-01	-4.920238e-01	3.047831e+00
2.999640e+14	3.599312e-01	7.436253e-01	3.599312e-01	7.436253e-01	-4.727905e-01	2.969310e+00
3.001280e+14	3.804585e-01	7.366898e-01	3.804585e-01	7.366898e-01	-4.535573e-01	2.890789e+00
3.002920e+14	4.009858e-01	7.297543e-01	4.009858e-01	7.297543e-01	-4.343240e-01	2.812268e+00
3.004560e+14	4.215130e-01	7.228188e-01	4.215130e-01	7.228188e-01	-4.150907e-01	2.733747e+00
3.006201e+14	4.417626e-01	7.158833e-01	4.417626e-01	7.158833e-01	-3.958574e-01	2.655226e+00
3.007841e+14	4.592300e-01	7.089478e-01	4.592300e-01	7.089478e-01	-3.766241e-01	2.576704e+00
3.009481e+14	4.766974e-01	7.020123e-01	4.766974e-01	7.020123e-01	-3.573909e-01	2.498183e+00
3.011122e+14	4.941648e-01	6.971464e-01	4.941648e-01	6.971464e-01	-3.381576e-01	2.419662e+00
3.012762e+14	5.116322e-01	6.930873e-01	5.116322e-01	6.930873e-01	-3.189243e-01	2.358453e+00
3.014402e+14	5.290996e-01	6.890281e-01	5.290996e-01	6.890281e-01	-2.996910e-01	2.316588e+00
3.016043e+14	5.465670e-01	6.849689e-01	5.465670e-01	6.849689e-01	-2.804578e-01	2.274724e+00
3.017683e+14	5.640344e-01	6.809097e-01	5.640344e-01	6.809097e-01	-2.612245e-01	2.232859e+00
3.019323e+14	5.815018e-01	6.768505e-01	5.815018e-01	6.768505e-01	-2.419912e-01	2.190995e+00
3.020964e+14	5.989692e-01	6.727914e-01	5.989692e-01	6.727914e-01	-2.227579e-01	2.149130e+00
3.022604e+14	6.164366e-01	6.687322e-01	6.164366e-01	6.687322e-01	-2.035247e-01	2.107266e+00
3.024244e+14	6.339040e-01	6.646730e-01	6.339040e-01	6.646730e-01	-1.842914e-01	2.065401e+00
3.025884e+14	6.513714e-01	6.606138e-01	6.513714e-01	6.606138e-01	-1.532405e-01	2.023537e+00
3.027525e+14	6.688388e-01	6.565546e-01	6.688388e-01	6.565546e-01	-1.059200e-01	1.981672e+00
3.029165e+14	6.863062e-01	6.524955e-01	6.863062e-01	6.524955e-01	-5.859941e-02	1.939808e+00
3.030805e+14	7.037735e-01	6.484363e-01	7.037735e-01	6.484363e-01	-1.127886e-02	1.897943e+00
3.032446e+14	7.212409e-01	6.443771e-01	7.212409e-01	6.443771e-01	3.604170e-02	1.856079e+00
3.034086e+14	7.387083e-01	6.403179e-01	7.387083e-01	6.403179e-01	8.336226e-02	1.814215e+00
3.035726e+14	7.561757e-01	6.362588e-01	7.561757e-01	6.362588e-01	1.306828e-01	1.772350e+00
3.037366e+14	7.736431e-01	6.321996e-01	7.736431e-01	6.321996e-01	1.780034e-01	1.730486e+00
3.039007e+14	7.911105e-01	6.281404e-01	7.911105e-01	6.281404e-01	2.253239e-01	1.688621e+00
3.040647e+14	8.085779e-01	6.240812e-01	8.085779e-01	6.240812e-01	2.726445e-01	1.646757e+00
3.042287e+14	8.260453e-01	6.200220e-01	8.260453e-01	6.200220e-01	3.199650e-01	1.604892e+00
3.043928e+14	8.435127e-01	6.159629e-01	8.435127e-01	6.159629e-01	3.672856e-01	1.563028e+00
3.045568e+14	8.609801e-01	6.119037e-01	8.609801e-01	6.119037e-01	4.146062e-01	1.521163e+00
3.047208e+14	8.784475e-01	6.078445e-01	8.784475e-01	6.078445e-01	4.619267e-01	1.479299e+00
3.048849e+14	8.959149e-01	6.037853e-01	8.959149e-01	6.037853e-01	5.092473e-01	1.437434e+00
3.050489e+14	9.133823e-01	5.997262e-01	9.133823e-01	5.997262e-01	5.565678e-01	1.395570e+00
3.052129e+14	9.308497e-01	5.956670e-01	9.308497e-01	5.956670e-01	6.038884e-01	1.353705e+00
3.053770e+14	9.483171e-01	5.916078e-01	9.483171e-01	5.916078e-01	6.512089e-01	1.311841e+00
3.055410e+14	9.657845e-01	5.875486e-01	9.657845e-01	5.875486e-01	6.985295e-01	1.269977e+00
3.057050e+14	9.832519e-01	5.834894e-01	9.832519e-01	5.834894e-01	7.458500e-01	1.228112e+00
3.058690e+14	1.000719e+00	5.794303e-01	1.000719e+00	5.794303e-01	7.931706e-01	1.186248e+00
3.060331e+14	1.018187e+00	5.753711e-01	1.018187e+00	5.753711e-01	8.404912e-01	1.167854e+00
3.061971e+14	1.035654e+00	5.713119e-01	1.035654e+00	5.713119e-01	8.878117e-01	1.158310e+00
3.063611e+14	1.053121e+00	5.672527e-01	1.053121e+00	5.672527e-01	9.351323e-01	1.148765e+00
3.065252e+14	1.070589e+00	5.631936e-01	1.070589e+00	5.631936e-01	9.824528e-01	1.139221e+00
3.066892e+14	1.088056e+00	5.591344e-01	1.088056e+00	5.591344e-01	1.029773e+00	1.129677e+00
3.068532e+14	1.105524e+00	5.550752e-01	1.105524e+00	5.550752e-01	1.077094e+00	1.120132e+00
3.070172e+14	1.122991e+00	5.510160e-01	1.122991e+00	5.510160e-01	1.124414e+00	1.110588e+00
3.071813e+14	1.140458e+00	5.469568e-01	1.140458e+00	5.469568e-01	1.171735e+00	1.101044e+00
3.073453e+14	1.157926e+00	5.428977e-01	1.157926e+00	5.428977e-01	1.212041e+00	1.091499e+00
3.075093e+14	1.175393e+00	5.388385e-01	1.175393e+00	5.388385e-01	1.247486e+00	1.081955e+00
3.076734e+14	1.192861e+00	5.347793e-01	1.192861e+00	5.347793e-01	1.282932e+00	1.072411e+00
3.078374e+14	1.210328e+00	5.307201e-01	1.210328e+00	5.307201e-01	1.318377e+00	1.062866e+00
3.080014e+14	1.227795e+00	5.266609e-01	1.227795e+00	5.266609e-01	1.353822e+00	1.053322e+00
3.081655e+14	1.245263e+00	5.226018e-01	1.245263e+00	5.226018e-01	1.389267e+00	1.043778e+00
3.083295e+14	1.262730e+00	5.185426e-01	1.262730e+00	5.185426e-01	1.424712e+00	1.034233e+00
3.084935e+14	1.280198e+00	5.144834e-01	1.280198e+00	5.144834e-01	1.460158e+00	1.024689e+00
3.086576e+14	1.297665e+00	5.104242e-01	1.297665e+00	5.104242e-01	1.495603e+00	1.015145e+00
3.088216e+14	1.315132e+00	5.063651e-01	1.315132e+00	5.063651e-01	1.531048e+00	1.005601e+00
3.089856e+14	1.332600e+00	5.023059e-01	1.332600e+00	5.023059e-01	1.566493e+00	9.960562e-01
3.091496e+14	1.350067e+00	4.982467e-01	1.350067e+00	4.982467e-01	1.601938e+00	9.865119e-01
3.093137e+14	1.367535e+00	4.941875e-01	1.367535e+00	4.941875e-01	1.637383e+00	9.769675e-01
3.094777e+14	1.385002e+00	4.901283e-01	1.385002e+00	4.901283e-01	1.672829e+00	9.674232e-01
3.096417e+14	1.402469e+00	4.860692e-01	1.402469e+00	4.860692e-01	1.708274e+00	9.578789e-01
3.098058e+14	1.419937e+00	4.820100e-01	1.419937e+00	4.820100e-01	1.743719e+00	9.483346e-01
3.099698e+14	1.437404e+00	4.779508e-01	1.437404e+00	4.779508e-01	1.779164e+00	9.387902e-01
3.101338e+14	1.454872e+00	4.738916e-01	1.454872e+00	4.738916e-01	1.814609e+00	9.292459e-01
3.102978e+14	1.472339e+00	4.698325e-01	1.472339e+00	4.698325e-01	1.850055e+00	9.197016e-01
3.104619e+14	1.489806e+00	4.657733e-01	1.489806e+00	4.657733e-01	1.885500e+00	9.101573e-01
3.106259e+14	1.507049e+00	4.617141e-01	1.507049e+00	4.617141e-01	1.920945e+00	9.006129e-01
3.107899e+14	1.515847e+00	4.576549e-01	1.515847e+00	4.576549e-01	1.956390e+00	8.910686e-01
3.109540e+14	1.524644e+00	4.535957e-01	1.524644e+00	4.535957e-01	1.991835e+00	8.815243e-01
3.111180e+14	1.533442e+00	4.519715e-01	1.533442e+00	4.519715e-01	2.027280e+00	8.719800e-01
3.112820e+14	1.542240e+00	4.522268e-01	1.542240e+00	4.522268e-01	2.062726e+00	8.624356e-01
3.114461e+14	1.551038e+00	4.524821e-01	1.551038e+00	4.524821e-01	2.098171e+00	8.528913e-01
3.116101e+14	1.559835e+00	4.527374e-01	1.559835e+00	4.527374e-01	2.133616e+00	8.433470e-01
3.117741e+14	1.568633e+00	4.529927e-01	1.568633e+00	4.529927e-01	2.169061e+00	8.338027e-01
3.119382e+14	1.577431e+00	4.532480e-01	1.577431e+00	4.532480e-01	2.204506e+00	8.309456e-01
3.121022e+14	1.586228e+00	4.535033e-01	1.586228e+00	4.535033e-01	2.239952e+00	8.309456e-01
3.122662e+14	1.595026e+00	4.537586e-01	1.595026e+00	4.537586e-01	2.275397e+00	8.309456e-01
3.124302e+14	1.603824e+00	4.540139e-01	1.603824e+00	4.540139e-01	2.310842e+00	8.309456e-01
3.125943e+14	1.612622e+00	4.542692e-01	1.612622e+00	4.542692e-01	2.346287e+00	8.309456e-01
3.127583e+14	1.621419e+00	4.545245e-01	1.621419e+00	4.545245e-01	2.381732e+00	8.309456e-01
3.129223e+14	1.630217e+00	4.547798e-01	1.630217e+00	4.547798e-01	2.389808e+00	8.309456e-01
3.130864e+14	1.639015e+00	4.550351e-01	1.639015e+00	4.550351e-01	2.397082e+00	8.309456e-01
3.132504e+14	1.647813e+00	4.552904e-01	1.647813e+00	4.552904e-01	2.404356e+00	8.309456e-01
3.134144e+14	1.656610e+00	4.555457e-01	1.656610e+00	4.555457e-01	2.411630e+00	8.309456e-01
3.135784e+14	1.665408e+00	4.558009e-01	1.665408e+00	4.558009e-01	2.418905e+00	8.309456e-01
3.137425e+14	1.674206e+00	4.560562e-01	1.674206e+00	4.560562e-01	2.426179e+00	8.309456e-01
3.139065e+14	1.683003e+00	4.563115e-01	1.683003e+00	4.563115e-01	2.433453e+00	8.309456e-01
3.140705e+14	1.691801e+00	4.565668e-01	1.691801e+00	4.565668e-01	2.440727e+00	8.309456e-01
3.142346e+14	1.700599e+00	4.568221e-01	1.700599e+00	4.568221e-01	2.448001e+00	8.309456e-01
3.143986e+14	1.709397e+00	4.570774e-01	1.709397e+00	4.570774e-01	2.455276e+00	8.309456e-01
3.145626e+14	1.718194e+00	4.573327e-01	1.718194e+00	4.573327e-01	2.462550e+00	8.309456e-01
3.147267e+14	1.726992e+00	4.575880e-01	1.726992e+00	4.575880e-01	2.469824e+00	8.309456e-01
3.148907e+14	1.735790e+00	4.578433e-01	1.735790e+00	4.578433e-01	2.477098e+00	8.309456e-01
3.150547e+14	1.744588e+00	4.580986e-01	1.744588e+00	4.580986e-01	2.484372e+00	8.309456e-01
3.152188e+14	1.753385e+00	4.583539e-01	1.753385e+00	4.583539e-01	2.491647e+00	8.309456e-01
3.153828e+14	1.762183e+00	4.586092e-01	1.762183e+00	4.586092e-01	2.498921e+00	8.309456e-01
3.155468e+14	1.770981e+00	4.588645e-01	1.770981e+00	4.588645e-01	2.506195e+00	8.309456e-01
3.157108e+14	1.779778e+00	4.591198e-01	1.779778e+00	4.591198e-01	2.513469e+00	8.309456e-01
3.158749e+14	1.788576e+00	4.593751e-01	1.788576e+00	4.593751e-01	2.520743e+00	8.309456e-01
3.160389e+14	1.797374e+00	4.596304e-01	1.797374e+00	4.596304e-01	2.528018e+00	8.309456e-01
3.162029e+14	1.806172e+00	4.598857e-01	1.806172e+00	4.598857e-01	2.535292e+00	8.309456e-01
3.163670e+14	1.814969e+00	4.601409e-01	1.814969e+00	4.601409e-01	2.542566e+00	8.309456e-01
3.165310e+14	1.823767e+00	4.603962e-01	1.823767e+00	4.603962e-01	2.549840e+00	8.309456e-01
3.166950e+14	1.832565e+00	4.606515e-01	1.832565e+00	4.606515e-01	2.557114e+00	8.309456e-01
3.168590e+14	1.841363e+00	4.609068e-01	1.841363e+00	4.609068e-01	2.564389e+00	8.309456e-01
3.170231e+14	1.850160e+00	4.611621e-01	1.850160e+00	4.611621e-01	2.571663e+00	8.309456e-01
3.171871e+14	1.858958e+00	4.614174e-01	1.858958e+00	4.614174e-01	2.578937e+00	8.309456e-01
3.173511e+14	1.867756e+00	4.616727e-01	1.867756e+00	4.616727e-01	2.586211e+00	8.309456e-01
3.175152e+14	1.876554e+00	4.619280e-01	1.876554e+00	4.619280e-01	2.593485e+00	8.309456e-01
3.176792e+14	1.885351e+00	4.621833e-01	1.885351e+00	4.621833e-01	2.600759e+00	8.309456e-01
3.178432e+14	1.894149e+00	4.624386e-01	1.894149e+00	4.624386e-01	2.608034e+00	8.309456e-01
3.180073e+14	1.902947e+00	4.626939e-01	1.902947e+00	4.626939e-01	2.615308e+00	8.309456e-01
3.181713e+14	1.911744e+00	4.629492e-01	1.911744e+00	4.629492e-01	2.622582e+00	8.309456e-01
3.183353e+14	1.920542e+00	4.632045e-01	1.920542e+00	4.632045e-01	2.629856e+00	8.309456e-01
3.184994e+14	1.929340e+00	4.634598e-01	1.929340e+00	4.634598e-01	2.637130e+00	8.309456e-01
3.186634e+14	1.938138e+00	4.637151e-01	1.938138e+00	4.637151e-01	2.644405e+00	8.309456e-01
3.188274e+14	1.946935e+00	4.639704e-01	1.946935e+00	4.639704e-01	2.651679e+00	8.309456e-01
3.189914e+14	1.955733e+00	4.642257e-01	1.955733e+00	4.642257e-01	2.658953e+00	8.309456e-01
3.191555e+14	1.964531e+00	4.644809e-01	1.964531e+00	4.644809e-01	2.666227e+00	8.309456e-01
3.193195e+14	1.973329e+00	4.647362e-01	1.973329e+00	4.647362e-01	2.673501e+00	8.309456e-01
3.194835e+14	1.982126e+00	4.649915e-01	1.982126e+00	4.649915e-01	2.680776e+00	8.309456e-01
3.196476e+14	1.990924e+00	4.652468e-01	1.990924e+00	4.652468e-01	2.688050e+00	8.309456e-01
3.198116e+14	1.999722e+00	4.655021e-01	1.999722e+00	4.655021e-01	2.695324e+00	8.309456e-01
3.199756e+14	2.008519e+00	4.657574e-01	2.008519e+00	4.657574e-01	2.702598e+00	8.309456e-01
3.201396e+14	2.017317e+00	4.660127e-01	2.017317e+00	4.660127e-01	2.709872e+00	8.309456e-01
3.203037e+14	2.026115e+00	4.662680e-01	2.026115e+00	4.662680e-01	2.715295e+00	8.309456e-01
3.204677e+14	2.034913e+00	4.665233e-01	2.034913e+00	4.665233e-01	2.717906e+00	8.309456e-01
3.206317e+14	2.043710e+00	4.667786e-01	2.043710e+00	4.667786e-01	2.720516e+00	8.309456e-01
3.207958e+14	2.053979e+00	4.670339e-01	2.053979e+00	4.670339e-01	2.723126e+00	8.309456e-01
3.209598e+14	2.064306e+00	4.672892e-01	2.064306e+00	4.672892e-01	2.725737e+00	8.309456e-01
3.211238e+14	2.074634e+00	4.714679e-01	2.074634e+00	4.714679e-01	2.728347e+00	8.309456e-01
3.212879e+14	2.084962e+00	4.813109e-01	2.084962e+00	4.813109e-01	2.730958e+00	8.309456e-01
3.214519e+14	2.095289e+00	4.911539e-01	2.095289e+00	4.911539e-01	2.733568e+00	8.309456e-01
3.216159e+14	2.105617e+00	5.009969e-01	2.105617e+00	5.009969e-01	2.736179e+00	8.309456e-01
3.217800e+14	2.115945e+00	5.108400e-01	2.115945e+00	5.108400e-01	2.738789e+00	8.309456e-01
3.219440e+14	2.126272e+00	5.206830e-01	2.126272e+00	5.206830e-01	2.741400e+00	8.309456e-01
3.221080e+14	2.136600e+00	5.305260e-01	2.136600e+00	5.305260e-01	2.744010e+00	8.301993e-01
3.222720e+14	2.146928e+00	5.403690e-01	2.146928e+00	5.403690e-01	2.746621e+00	8.266219e-01
3.224361e+14	2.157255e+00	5.502120e-01	2.157255e+00	5.502120e-01	2.749231e+00	8.230444e-01
3.226001e+14	2.167583e+00	5.600550e-01	2.167583e+00	5.600550e-01	2.751842e+00	8.194670e-01
3.227641e+14	2.177911e+00	5.698980e-01	2.177911e+00	5.698980e-01	2.754452e+00	8.158896e-01
3.229282e+14	2.188238e+00	5.797410e-01	2.188238e+00	5.797410e-01	2.757063e+00	8.123122e-01
3.230922e+14	2.198566e+00	5.895840e-01	2.198566e+00	5.895840e-01	2.759673e+00	8.087348e-01
3.232562e+14	2.208894e+00	5.994271e-01	2.208894e+00	5.994271e-01	2.762284e+00	8.051574e-01
3.234202e+14	2.219221e+00	6.092701e-01	2.219221e+00	6.092701e-01	2.764894e+00	8.015800e-01
3.235843e+14	2.229549e+00	6.191131e-01	2.229549e+00	6.191131e-01	2.767504e+00	7.980026e-01
3.237483e+14	2.239877e+00	6.289561e-01	2.239877e+00	6.289561e-01	2.770115e+00	7.944252e-01
3.239123e+14	2.250204e+00	6.387991e-01	2.250204e+00	6.387991e-01	2.772725e+00	7.908477e-01
3.240764e+14	2.260532e+00	6.486421e-01	2.260532e+00	6.486421e-01	2.775336e+00	7.872703e-01
3.242404e+14	2.270860e+00	6.584851e-01	2.270860e+00	6.584851e-01	2.777946e+00	7.836929e-01
3.244044e+14	2.281187e+00	6.683281e-01	2.281187e+00	6.683281e-01	2.780557e+00	7.801155e-01
3.245685e+14	2.291515e+00	6.781711e-01	2.291515e+00	6.781711e-01	2.783167e+00	7.765381e-01
3.247325e+14	2.301843e+00	6.880142e-01	2.301843e+00	6.880142e-01	2.785778e+00	7.729607e-01
3.248965e+14	2.312170e+00	6.978572e-01	2.312170e+00	6.978572e-01	2.788388e+00	7.693833e-01
3.250606e+14	2.322498e+00	7.077002e-01	2.322498e+00	7.077002e-01	2.790999e+00	7.658059e-01
3.252246e+14	2.332826e+00	7.175432e-01	2.332826e+00	7.175432e-01	2.793609e+00	7.622284e-01
3.253886e+14	2.343153e+00	7.273862e-01	2.343153e+00	7.273862e-01	2.796220e+00	7.586510e-01
3.255526e+14	2.353481e+00	7.372292e-01	2.353481e+00	7.372292e-01	2.798830e+00	7.550736e-01
3.257167e+14	2.363809e+00	7.470722e-01	2.363809e+00	7.470722e-01	2.801441e+00	7.514962e-01
3.258807e+14	2.374136e+00	7.569152e-01	2.374136e+00	7.569152e-01	2.804051e+00	7.479188e-01
3.260447e+14	2.384464e+00	7.667582e-01	2.384464e+00	7.667582e-01	2.806661e+00	7.443414e-01
3.262088e+14	2.394792e+00	7.766012e-01	2.394792e+00	7.766012e-01	2.809272e+00	7.407640e-01
3.263728e+14	2.405119e+00	7.864443e-01	2.405119e+00	7.864443e-01	2.811882e+00	7.371866e-01
3.265368e+14	2.415447e+00	7.962873e-01	2.415447e+00	7.962873e-01	2.814493e+00	7.336092e-01
3.267008e+14	2.425775e+00	8.061303e-01	2.425775e+00	8.061303e-01	2.817103e+00	7.300317e-01
3.268649e+14	2.436102e+00	8.159733e-01	2.436102e+00	8.159733e-01	2.819714e+00	7.264543e-01
3.270289e+14	2.446430e+00	8.258163e-01	2.446430e+00	8.258163e-01	2.822324e+00	7.228769e-01
3.271929e+14	2.456758e+00	8.356593e-01	2.456758e+00	8.356593e-01	2.824935e+00	7.192995e-01
3.273570e+14	2.467085e+00	8.455023e-01	2.467085e+00	8.455023e-01	2.827545e+00	7.157221e-01
3.275210e+14	2.477413e+00	8.553453e-01	2.477413e+00	8.553453e-01	2.830156e+00	7.121447e-01
3.276850e+14	2.487741e+00	8.651883e-01	2.487741e+00	8.651883e-01	2.832766e+00	7.085673e-01
3.278491e+14	2.498068e+00	8.750314e-01	2.498068e+00	8.750314e-01	2.835377e+00	7.049899e-01
3.280131e+14	2.508396e+00	8.848744e-01	2.508396e+00	8.848744e-01	2.837987e+00	7.014124e-01
3.281771e+14	2.518724e+00	8.947174e-01	2.518724e+00	8.947174e-01	2.840598e+00	6.978350e-01
3.283412e+14	2.529051e+00	9.045604e-01	2.529051e+00	9.045604e-01	2.843208e+00	6.942576e-01
3.285052e+14	2.539379e+00	9.144034e-01	2.539379e+00	9.144034e-01	2.845819e+00	6.906802e-01
3.286692e+14	2.549707e+00	9.242464e-01	2.549707e+00	9.242464e-01	2.848429e+00	6.871028e-01
3.288332e+14	2.560034e+00	9.340894e-01	2.560034e+00	9.340894e-01	2.851039e+00	6.835254e-01
3.289973e+14	2.570362e+00	9.439324e-01	2.570362e+00	9.439324e-01	2.853650e+00	6.799480e-01
3.291613e+14	2.580630e+00	9.537754e-01	2.580630e+00	9.537754e-01	2.856260e+00	6.763706e-01
3.293253e+14	2.589884e+00	9.636185e-01	2.589884e+00	9.636185e-01	2.858871e+00	6.727931e-01
3.294894e+14	2.599138e+00	9.734615e-01	2.599138e+00	9.734615e-01	2.861481e+00	6.692157e-01
3.296534e+14	2.608392e+00	9.833045e-01	2.608392e+00	9.833045e-01	2.864092e+00	6.656383e-01
3.298174e+14	2.617646e+00	9.931475e-01	2.617646e+00	9.931475e-01	2.866702e+00	6.620609e-01
3.299814e+14	2.626900e+00	1.002990e+00	2.626900e+00	1.002990e+00	2.869313e+00	6.590258e-01
3.301455e+14	2.636154e+00	1.009290e+00	2.636154e+00	1.009290e+00	2.870660e+00	6.590258e-01
3.303095e+14	2.645408e+00	1.009545e+00	2.645408e+00	1.009545e+00	2.870412e+00	6.590258e-01
3.304735e+14	2.654662e+00	1.009801e+00	2.654662e+00	1.009801e+00	2.870163e+00	6.590258e-01
3.306376e+14	2.663916e+00	1.010056e+00	2.663916e+00	1.010056e+00	2.869914e+00	6.590258e-01
3.308016e+14	2.673170e+00	1.010311e+00	2.673170e+00	1.010311e+00	2.869665e+00	6.590258e-01
3.309656e+14	2.682424e+00	1.010567e+00	2.682424e+00	1.010567e+00	2.869416e+00	6.590258e-01
3.311297e+14	2.691678e+00	1.010822e+00	2.691678e+00	1.010822e+00	2.869168e+00	6.590258e-01
3.312937e+14	2.700932e+00	1.011077e+00	2.700932e+00	1.011077e+00	2.868919e+00	6.590258e-01
3.314577e+14	2.710186e+00	1.011333e+00	2.710186e+00	1.011333e+00	2.868670e+00	6.590258e-01
3.316218e+14	2.719440e+00	1.011588e+00	2.719440e+00	1.011588e+00	2.868421e+00	6.590258e-01
3.317858e+14	2.728694e+00	1.011843e+00	2.728694e+00	1.011843e+00	2.868172e+00	6.590258e-01
3.319498e+14	2.737948e+00	1.012098e+00	2.737948e+00	1.012098e+00	2.867924e+00	6.590258e-01
3.321138e+14	2.747202e+00	1.012354e+00	2.747202e+00	1.012354e+00	2.867675e+00	6.590258e-01
3.322779e+14	2.756456e+00	1.012609e+00	2.756456e+00	1.012609e+00	2.867426e+00	6.590258e-01
3.324419e+14	2.765710e+00	1.012864e+00	2.765710e+00	1.012864e+00	2.867177e+00	6.590258e-01
3.326059e+14	2.774964e+00	1.013120e+00	2.774964e+00	1.013120e+00	2.866928e+00	6.590258e-01
3.327700e+14	2.784218e+00	1.013375e+00	2.784218e+00	1.013375e+00	2.866680e+00	6.590258e-01
3.329340e+14	2.793472e+00	1.013630e+00	2.793472e+00	1.013630e+00	2.866431e+00	6.590258e-01
3.330980e+14	2.802726e+00	1.013885e+00	2.802726e+00	1.013885e+00	2.866182e+00	6.590258e-01
3.332620e+14	2.811980e+00	1.014141e+00	2.811980e+00	1.014141e+00	2.865933e+00	6.590258e-01
3.334261e+14	2.821234e+00	1.014396e+00	2.821234e+00	1.014396e+00	2.865684e+00	6.590258e-01
3.335901e+14	2.830488e+00	1.014651e+00	2.830488e+00	1.014651e+00	2.865436e+00	6.590258e-01
3.337541e+14	2.839742e+00	1.014907e+00	2.839742e+00	1.014907e+00	2.865187e+00	6.590258e-01
3.339182e+14	2.848996e+00	1.015162e+00	2.848996e+00	1.015162e+00	2.864938e+00	6.590258e-01
3.340822e+14	2.858250e+00	1.015417e+00	2.858250e+00	1.015417e+00	2.864689e+00	6.590258e-01
3.342462e+14	2.867504e+00	1.015673e+00	2.867504e+00	1.015673e+00	2.864440e+00	6.590258e-01
3.344103e+14	2.876758e+00	1.015928e+00	2.876758e+00	1.015928e+00	2.864192e+00	6.590258e-01
3.345743e+14	2.886012e+00	1.016183e+00	2.886012e+00	1.016183e+00	2.863943e+00	6.590258e-01
3.347383e+14	2.895266e+00	1.016438e+00	2.895266e+00	1.016438e+00	2.863694e+00	6.590258e-01
3.349024e+14	2.904520e+00	1.016694e+00	2.904520e+00	1.016694e+00	2.863445e+00	6.590258e-01
3.350664e+14	2.913774e+00	1.016949e+00	2.913774e+00	1.016949e+00	2.863196e+00	6.590258e-01
3.352304e+14	2.923029e+00	1.017204e+00	2.923029e+00	1.017204e+00	2.862947e+00	6.590258e-01
3.353944e+14	2.932283e+00	1.017460e+00	2.932283e+00	1.017460e+00	2.862699e+00	6.590258e-01
3.355585e+14	2.941537e+00	1.017715e+00	2.941537e+00	1.017715e+00	2.862450e+00	6.590258e-01
3.357225e+14	2.950791e+00	1.017970e+00	2.950791e+00	1.017970e+00	2.862201e+00	6.590258e-01
3.358865e+14	2.960045e+00	1.018225e+00	2.960045e+00	1.018225e+00	2.861952e+00	6.590258e-01
3.360506e+14	2.969299e+00	1.018481e+00	2.969299e+00	1.018481e+00	2.861703e+00	6.590258e-01
3.362146e+14	2.978553e+00	1.018736e+00	2.978553e+00	1.018736e+00	2.861455e+00	6.590258e-01
3.363786e+14	2.987807e+00	1.018991e+00	2.987807e+00	1.018991e+00	2.861206e+00	6.590258e-01
3.365426e+14	2.997061e+00	1.019247e+00	2.997061e+00	1.019247e+00	2.860957e+00	6.590258e-01
3.367067e+14	3.006315e+00	1.019502e+00	3.006315e+00	1.019502e+00	2.860708e+00	6.590258e-01
3.368707e+14	3.015569e+00	1.019757e+00	3.015569e+00	1.019757e+00	2.860459e+00	6.590258e-01
3.370347e+14	3.024823e+00	1.020013e+00	3.024823e+00	1.020013e+00	2.860211e+00	6.590258e-01
3.371988e+14	3.034077e+00	1.020268e+00	3.034077e+00	1.020268e+00	2.859962e+00	6.590258e-01
3.373628e+14	3.043331e+00	1.020523e+00	3.043331e+00	1.020523e+00	2.859713e+00	6.590258e-01
3.375268e+14	3.052585e+00	1.020778e+00	3.052585e+00	1.020778e+00	2.859464e+00	6.590258e-01
3.376909e+14	3.061839e+00	1.021034e+00	3.061839e+00	1.021034e+00	2.859215e+00	6.590258e-01
3.378549e+14	3.071093e+00	1.021289e+00	3.071093e+00	1.021289e+00	2.858967e+00	6.590258e-01
3.380189e+14	3.080347e+00	1.021544e+00	3.080347e+00	1.021544e+00	2.858718e+00	6.590258e-01
3.381830e+14	3.089601e+00	1.021800e+00	3.089601e+00	1.021800e+00	2.858469e+00	6.590258e-01
3.383470e+14	3.098855e+00	1.022055e+00	3.098855e+00	1.022055e+00	2.858220e+00	6.590258e-01
3.385110e+14	3.108109e+00	1.022310e+00	3.108109e+00	1.022310e+00	2.857971e+00	6.590258e-01
3.386750e+14	3.117160e+00	1.022565e+00	3.117160e+00	1.022565e+00	2.857723e+00	6.590258e-01
3.388391e+14	3.121851e+00	1.022821e+00	3.121851e+00	1.022821e+00	2.857474e+00	6.590258e-01
3.390031e+14	3.126542e+00	1.023076e+00	3.126542e+00	1.023076e+00	2.857225e+00	6.590258e-01
3.391671e+14	3.131233e+00	1.023331e+00	3.131233e+00	1.023331e+00	2.858854e+00	6.590258e-01
3.393312e+14	3.135925e+00	1.023587e+00	3.135925e+00	1.023587e+00	2.865103e+00	6.590258e-01
3.394952e+14	3.140616e+00	1.023842e+00	3.140616e+00	1.023842e+00	2.871352e+00	6.590258e-01
3.396592e+14	3.145307e+00	1.024097e+00	3.145307e+00	1.024097e+00	2.877600e+00	6.590258e-01
3.398232e+14	3.149998e+00	1.024353e+00	3.149998e+00	1.024353e+00	2.883849e+00	6.590258e-01
3.399873e+14	3.154689e+00	1.024608e+00	3.154689e+00	1.024608e+00	2.890097e+00	6.590258e-01
3.401513e+14	3.159380e+00	1.023835e+00	3.159380e+00	1.023835e+00	2.896346e+00	6.590258e-01
3.403153e+14	3.164071e+00	1.019297e+00	3.164071e+00	1.019297e+00	2.902595e+00	6.590258e-01
3.404794e+14	3.168762e+00	1.014758e+00	3.168762e+00	1.014758e+00	2.908843e+00	6.590258e-01
3.406434e+14	3.173453e+00	1.010220e+00	3.173453e+00	1.010220e+00	2.915092e+00	6.590258e-01
3.408074e+14	3.178144e+00	1.005681e+00	3.178144e+00	1.005681e+00	2.921340e+00	6.590258e-01
3.409715e+14	3.182835e+00	1.001142e+00	3.182835e+00	1.001142e+00	2.927589e+00	6.590258e-01
3.411355e+14	3.187526e+00	9.966038e-01	3.187526e+00	9.966038e-01	2.933838e+00	6.590258e-01
3.412995e+14	3.192217e+00	9.920653e-01	3.192217e+00	9.920653e-01	2.940086e+00	6.590258e-01
3.414636e+14	3.196908e+00	9.875267e-01	3.196908e+00	9.875267e-01	2.946335e+00	6.590258e-01
3.416276e+14	3.201599e+00	9.829881e-01	3.201599e+00	9.829881e-01	2.952583e+00	6.590258e-01
3.417916e+14	3.206290e+00	9.784496e-01	3.206290e+00	9.784496e-01	2.958832e+00	6.590258e-01
3.419556e+14	3.210981e+00	9.739110e-01	3.210981e+00	9.739110e-01	2.965080e+00	6.590258e-01
3.421197e+14	3.215672e+00	9.693725e-01	3.215672e+00	9.693725e-01	2.971329e+00	6.590258e-01
3.422837e+14	3.220363e+00	9.648339e-01	3.220363e+00	9.648339e-01	2.977578e+00	6.590258e-01
3.424477e+14	3.225054e+00	9.602953e-01	3.225054e+00	9.602953e-01	2.983826e+00	6.590258e-01
3.426118e+14	3.229745e+00	9.557568e-01	3.229745e+00	9.557568e-01	2.990075e+00	6.590258e-01
3.427758e+14	3.234436e+00	9.512182e-01	3.234436e+00	9.512182e-01	2.996323e+00	6.590258e-01
3.429398e+14	3.239127e+00	9.466796e-01	3.239127e+00	9.466796e-01	3.002572e+00	6.590258e-01
3.431038e+14	3.243819e+00	9.421411e-01	3.243819e+00	9.421411e-01	3.008821e+00	6.590258e-01
3.432679e+14	3.248510e+00	9.376025e-01	3.248510e+00	9.376025e-01	3.015069e+00	6.590258e-01
3.434319e+14	3.253201e+00	9.330639e-01	3.253201e+00	9.330639e-01	3.021318e+00	6.590258e-01
3.435959e+14	3.257892e+00	9.285254e-01	3.257892e+00	9.285254e-01	3.027566e+00	6.590258e-01
3.437600e+14	3.262583e+00	9.239868e-01	3.262583e+00	9.239868e-01	3.033815e+00	6.590258e-01
3.439240e+14	3.267274e+00	9.194482e-01	3.267274e+00	9.194482e-01	3.040064e+00	6.590258e-01
3.440880e+14	3.271965e+00	9.149097e-01	3.271965e+00	9.149097e-01	3.046312e+00	6.590258e-01
3.442521e+14	3.276656e+00	9.103711e-01	3.276656e+00	9.103711e-01	3.052561e+00	6.590258e-01
3.444161e+14	3.281347e+00	9.058326e-01	3.281347e+00	9.058326e-01	3.058809e+00	6.590258e-01
3.445801e+14	3.286038e+00	9.012940e-01	3.286038e+00	9.012940e-01	3.065058e+00	6.590258e-01
3.447442e+14	3.290729e+00	8.967554e-01	3.290729e+00	8.967554e-01	3.071307e+00	6.590258e-01
3.449082e+14	3.295420e+00	8.922169e-01	3.295420e+00	8.922169e-01	3.077555e+00	6.590258e-01
3.450722e+14	3.300111e+00	8.876783e-01	3.300111e+00	8.876783e-01	3.083804e+00	6.590258e-01
3.452362e+14	3.304802e+00	8.831397e-01	3.304802e+00	8.831397e-01	3.090052e+00	6.590258e-01
3.454003e+14	3.309493e+00	8.786012e-01	3.309493e+00	8.786012e-01	3.096301e+00	6.590258e-01
3.455643e+14	3.314184e+00	8.740626e-01	3.314184e+00	8.740626e-01	3.102550e+00	6.590258e-01
3.457283e+14	3.318875e+00	8.695240e-01	3.318875e+00	8.695240e-01	3.108798e+00	6.590258e-01
3.458924e+14	3.323566e+00	8.649855e-01	3.323566e+00	8.649855e-01	3.115047e+00	6.590258e-01
3.460564e+14	3.328257e+00	8.604469e-01	3.328257e+00	8.604469e-01	3.121295e+00	6.590258e-01
3.462204e+14	3.332948e+00	8.559084e-01	3.332948e+00	8.559084e-01	3.127544e+00	6.590258e-01
3.463844e+14	3.337639e+00	8.513698e-01	3.337639e+00	8.513698e-01	3.133793e+00	6.590258e-01
3.465485e+14	3.342330e+00	8.468312e-01	3.342330e+00	8.468312e-01	3.140041e+00	6.590258e-01
3.467125e+14	3.347021e+00	8.422927e-01	3.347021e+00	8.422927e-01	3.146290e+00	6.590258e-01
3.468765e+14	3.351713e+00	8.377541e-01	3.351713e+00	8.377541e-01	3.152538e+00	6.590258e-01
3.470406e+14	3.356404e+00	8.332155e-01	3.356404e+00	8.332155e-01	3.158787e+00	6.590258e-01
3.472046e+14	3.361095e+00	8.286770e-01	3.361095e+00	8.286770e-01	3.165036e+00	6.590258e-01
3.473686e+14	3.365786e+00	8.241384e-01	3.365786e+00	8.241384e-01	3.171284e+00	6.590258e-01
3.475327e+14	3.370477e+00	8.195998e-01	3.370477e+00	8.195998e-01	3.177533e+00	6.590258e-01
3.476967e+14	3.375168e+00	8.150613e-01	3.375168e+00	8.150613e-01	3.183781e+00	6.590258e-01
3.478607e+14	3.379859e+00	8.105227e-01	3.379859e+00	8.105227e-01	3.190940e+00	6.590258e-01
3.480248e+14	3.384550e+00	8.059841e-01	3.384550e+00	8.059841e-01	3.198938e+00	6.590258e-01
3.481888e+14	3.389362e+00	8.014456e-01	3.389362e+00	8.014456e-01	3.206935e+00	6.590258e-01
3.483528e+14	3.397747e+00	7.969070e-01	3.397747e+00	7.969070e-01	3.214932e+00	6.590258e-01
3.485168e+14	3.406132e+00	7.923685e-01	3.406132e+00	7.923685e-01	3.222930e+00	6.590258e-01
3.486809e+14	3.414517e+00	7.878299e-01	3.414517e+00	7.878299e-01	3.230927e+00	6.590258e-01
3.488449e+14	3.422902e+00	7.832913e-01	3.422902e+00	7.832913e-01	3.238924e+00	6.590258e-01
3.490089e+14	3.431287e+00	7.787528e-01	3.431287e+00	7.787528e-01	3.246922e+00	6.590258e-01
3.491730e+14	3.439671e+00	7.773142e-01	3.439671e+00	7.773142e-01	3.254919e+00	6.590258e-01
3.493370e+14	3.448056e+00	7.905129e-01	3.448056e+00	7.905129e-01	3.262916e+00	6.590258e-01
3.495010e+14	3.456441e+00	8.037116e-01	3.456441e+00	8.037116e-01	3.270914e+00	6.590258e-01
3.496650e+14	3.464826e+00	8.169103e-01	3.464826e+00	8.169103e-01	3.278911e+00	6.590258e-01
3.498291e+14	3.473211e+00	8.301090e-01	3.473211e+00	8.301090e-01	3.286908e+00	6.590258e-01
3.499931e+14	3.481596e+00	8.433078e-01	3.481596e+00	8.433078e-01	3.294906e+00	6.590258e-01
3.501571e+14	3.489981e+00	8.565065e-01	3.489981e+00	8.565065e-01	3.302903e+00	6.590258e-01
3.503212e+14	3.498366e+00	8.697052e-01	3.498366e+00	8.697052e-01	3.310900e+00	6.590258e-01
3.504852e+14	3.506751e+00	8.829039e-01	3.506751e+00	8.829039e-01	3.318898e+00	6.590258e-01
3.506492e+14	3.515135e+00	8.961026e-01	3.515135e+00	8.961026e-01	3.326895e+00	6.590258e-01
3.508133e+14	3.523520e+00	9.093013e-01	3.523520e+00	9.093013e-01	3.334892e+00	6.590258e-01
3.509773e+14	3.531905e+00	9.225000e-01	3.531905e+00	9.225000e-01	3.342890e+00	6.590258e-01
3.511413e+14	3.540290e+00	9.356987e-01	3.540290e+00	9.356987e-01	3.350887e+00	6.590258e-01
3.513054e+14	3.548675e+00	9.488974e-01	3.548675e+00	9.488974e-01	3.358884e+00	6.590258e-01
3.514694e+14	3.557060e+00	9.620962e-01	3.557060e+00	9.620962e-01	3.366882e+00	6.590258e-01
3.516334e+14	3.565445e+00	9.752949e-01	3.565445e+00	9.752949e-01	3.374879e+00	6.590258e-01
3.517974e+14	3.573830e+00	9.884936e-01	3.573830e+00	9.884936e-01	3.382876e+00	6.590258e-01
3.519615e+14	3.582215e+00	1.001692e+00	3.582215e+00	1.001692e+00	3.390873e+00	6.590258e-01
3.521255e+14	3.590599e+00	1.014891e+00	3.590599e+00	1.014891e+00	3.398871e+00	6.590258e-01
3.522895e+14	3.598984e+00	1.028090e+00	3.598984e+00	1.028090e+00	3.406868e+00	6.590258e-01
3.524536e+14	3.607369e+00	1.041288e+00	3.607369e+00	1.041288e+00	3.414865e+00	6.590258e-01
3.526176e+14	3.615754e+00	1.054487e+00	3.615754e+00	1.054487e+00	3.422863e+00	6.590258e-01
3.527816e+14	3.624139e+00	1.067686e+00	3.624139e+00	1.067686e+00	3.430860e+00	6.590258e-01
3.529456e+14	3.632524e+00	1.080885e+00	3.632524e+00	1.080885e+00	3.438857e+00	6.590258e-01
3.531097e+14	3.640909e+00	1.094083e+00	3.640909e+00	1.094083e+00	3.446855e+00	6.590258e-01
3.532737e+14	3.649294e+00	1.107282e+00	3.649294e+00	1.107282e+00	3.454852e+00	6.590258e-01
3.534377e+14	3.657679e+00	1.120481e+00	3.657679e+00	1.120481e+00	3.462849e+00	6.590258e-01
3.536018e+14	3.666063e+00	1.133679e+00	3.666063e+00	1.133679e+00	3.470847e+00	6.590258e-01
3.537658e+14	3.674448e+00	1.146878e+00	3.674448e+00	1.146878e+00	3.478844e+00	6.590258e-01
3.539298e+14	3.682833e+00	1.160077e+00	3.682833e+00	1.160077e+00	3.486841e+00	6.590258e-01
3.540939e+14	3.691218e+00	1.173276e+00	3.691218e+00	1.173276e+00	3.494839e+00	6.590258e-01
3.542579e+14	3.699603e+00	1.186474e+00	3.699603e+00	1.186474e+00	3.502836e+00	6.590258e-01
3.544219e+14	3.707988e+00	1.199673e+00	3.707988e+00	1.199673e+00	3.510833e+00	6.590258e-01
3.545860e+14	3.716373e+00	1.212872e+00	3.716373e+00	1.212872e+00	3.518831e+00	6.590258e-01
3.547500e+14	3.724758e+00	1.226070e+00	3.724758e+00	1.226070e+00	3.526828e+00	6.590258e-01
3.549140e+14	3.733143e+00	1.239269e+00	3.733143e+00	1.239269e+00	3.534825e+00	6.590258e-01
3.550780e+14	3.741527e+00	1.252468e+00	3.741527e+00	1.252468e+00	3.542823e+00	6.590258e-01
3.552421e+14	3.749912e+00	1.265667e+00	3.749912e+00	1.265667e+00	3.550820e+00	6.590258e-01
3.554061e+14	3.758297e+00	1.278865e+00	3.758297e+00	1.278865e+00	3.558817e+00	6.590258e-01
3.555701e+14	3.766682e+00	1.292064e+00	3.766682e+00	1.292064e+00	3.566815e+00	6.590258e-01
3.557342e+14	3.775067e+00	1.305263e+00	3.775067e+00	1.305263e+00	3.574812e+00	6.590258e-01
3.558982e+14	3.783452e+00	1.318461e+00	3.783452e+00	1.318461e+00	3.582809e+00	6.590258e-01
3.560622e+14	3.791837e+00	1.331660e+00	3.791837e+00	1.331660e+00	3.590806e+00	6.590258e-01
3.562262e+14	3.800222e+00	1.344859e+00	3.800222e+00	1.344859e+00	3.598804e+00	6.590258e-01
3.563903e+14	3.808607e+00	1.358058e+00	3.808607e+00	1.358058e+00	3.606801e+00	6.590258e-01
3.565543e+14	3.816991e+00	1.371256e+00	3.816991e+00	1.371256e+00	3.614798e+00	6.590258e-01
3.567183e+14	3.825376e+00	1.384455e+00	3.825376e+00	1.384455e+00	3.622796e+00	6.590258e-01
3.568824e+14	3.833761e+00	1.397654e+00	3.833761e+00	1.397654e+00	3.630793e+00	6.590258e-01
3.570464e+14	3.842146e+00	1.410852e+00	3.842146e+00	1.410852e+00	3.638790e+00	6.590258e-01
3.572104e+14	3.850531e+00	1.424051e+00	3.850531e+00	1.424051e+00	3.646788e+00	6.590258e-01
3.573745e+14	3.858916e+00	1.437250e+00	3.858916e+00	1.437250e+00	3.654785e+00	6.590258e-01
3.575385e+14	3.867301e+00	1.450448e+00	3.867301e+00	1.450448e+00	3.662782e+00	6.590258e-01
3.577025e+14	3.875686e+00	1.463647e+00	3.875686e+00	1.463647e+00	3.670780e+00	6.590258e-01
3.578666e+14	3.884070e+00	1.476846e+00	3.884070e+00	1.476846e+00	3.678777e+00	6.590258e-01
3.580306e+14	3.892455e+00	1.490045e+00	3.892455e+00	1.490045e+00	3.684508e+00	6.590258e-01
3.581946e+14	3.900840e+00	1.503243e+00	3.900840e+00	1.503243e+00	3.677758e+00	6.590258e-01
3.583586e+14	3.909225e+00	1.516442e+00	3.909225e+00	1.516442e+00	3.671008e+00	6.590258e-01
3.585227e+14	3.917610e+00	1.529641e+00	3.917610e+00	1.529641e+00	3.664259e+00	6.590258e-01
3.586867e+14	3.925995e+00	1.542839e+00	3.925995e+00	1.542839e+00	3.657509e+00	6.590258e-01
3.588507e+14	3.926827e+00	1.556038e+00	3.926827e+00	1.556038e+00	3.650760e+00	6.590258e-01
3.590148e+14	3.926955e+00	1.569237e+00	3.926955e+00	1.569237e+00	3.644010e+00	6.590258e-01
3.591788e+14	3.927083e+00	1.581759e+00	3.927083e+00	1.581759e+00	3.637261e+00	6.590258e-01
3.593428e+14	3.927211e+00	1.560441e+00	3.927211e+00	1.560441e+00	3.630511e+00	6.590258e-01
3.595068e+14	3.927339e+00	1.539124e+00	3.927339e+00	1.539124e+00	3.623761e+00	6.590258e-01
3.596709e+14	3.927467e+00	1.517807e+00	3.927467e+00	1.517807e+00	3.617012e+00	6.590258e-01
3.598349e+14	3.927595e+00	1.496490e+00	3.927595e+00	1.496490e+00	3.610262e+00	6.590258e-01
3.599989e+14	3.927723e+00	1.475173e+00	3.927723e+00	1.475173e+00	3.603513e+00	6.590258e-01
3.601630e+14	3.927851e+00	1.453856e+00	3.927851e+00	1.453856e+00	3.596763e+00	6.590258e-01
3.603270e+14	3.927979e+00	1.432539e+00	3.927979e+00	1.432539e+00	3.590014e+00	6.590258e-01
3.604910e+14	3.928107e+00	1.411222e+00	3.928107e+00	1.411222e+00	3.583264e+00	6.590258e-01
3.606551e+14	3.928235e+00	1.389905e+00	3.928235e+00	1.389905e+00	3.576514e+00	6.590258e-01
3.608191e+14	3.928363e+00	1.368588e+00	3.928363e+00	1.368588e+00	3.569765e+00	6.590258e-01
3.609831e+14	3.928491e+00	1.347271e+00	3.928491e+00	1.347271e+00	3.563015e+00	6.590258e-01
3.611472e+14	3.928620e+00	1.325954e+00	3.928620e+00	1.325954e+00	3.556266e+00	6.590258e-01
3.613112e+14	3.928748e+00	1.304637e+00	3.928748e+00	1.304637e+00	3.549516e+00	6.590258e-01
3.614752e+14	3.928876e+00	1.283320e+00	3.928876e+00	1.283320e+00	3.542766e+00	6.590258e-01
3.616392e+14	3.929004e+00	1.262003e+00	3.929004e+00	1.262003e+00	3.536017e+00	6.590258e-01
3.618033e+14	3.929132e+00	1.240685e+00	3.929132e+00	1.240685e+00	3.529267e+00	6.590258e-01
3.619673e+14	3.929260e+00	1.219368e+00	3.929260e+00	1.219368e+00	3.522518e+00	6.590258e-01
3.621313e+14	3.929388e+00	1.198051e+00	3.929388e+00	1.198051e+00	3.515768e+00	6.590258e-01
3.622954e+14	3.929516e+00	1.176734e+00	3.929516e+00	1.176734e+00	3.509019e+00	6.590258e-01
3.624594e+14	3.929644e+00	1.155417e+00	3.929644e+00	1.155417e+00	3.502269e+00	6.590258e-01
3.626234e+14	3.929772e+00	1.134100e+00	3.929772e+00	1.134100e+00	3.495519e+00	6.590258e-01
3.627874e+14	3.929900e+00	1.112783e+00	3.929900e+00	1.112783e+00	3.488770e+00	6.590258e-01
3.629515e+14	3.930028e+00	1.091466e+00	3.930028e+00	1.091466e+00	3.482020e+00	6.590258e-01
3.631155e+14	3.930156e+00	1.070149e+00	3.930156e+00	1.070149e+00	3.475271e+00	6.590258e-01
3.632795e+14	3.930284e+00	1.048832e+00	3.930284e+00	1.048832e+00	3.468521e+00	6.590258e-01
3.634436e+14	3.930412e+00	1.027515e+00	3.930412e+00	1.027515e+00	3.461772e+00	6.590258e-01
3.636076e+14	3.930540e+00	1.006198e+00	3.930540e+00	1.006198e+00	3.455022e+00	6.590258e-01
3.637716e+14	3.930668e+00	9.848807e-01	3.930668e+00	9.848807e-01	3.448272e+00	6.590258e-01
3.639357e+14	3.930797e+00	9.635636e-01	3.930797e+00	9.635636e-01	3.441523e+00	6.590258e-01
3.640997e+14	3.930925e+00	9.422465e-01	3.930925e+00	9.422465e-01	3.434773e+00	6.590258e-01
3.642637e+14	3.931053e+00	9.209295e-01	3.931053e+00	9.209295e-01	3.428024e+00	6.590258e-01
3.644278e+14	3.931181e+00	8.996124e-01	3.931181e+00	8.996124e-01	3.421274e+00	6.590258e-01
3.645918e+14	3.931309e+00	8.782953e-01	3.931309e+00	8.782953e-01	3.414524e+00	6.590258e-01
3.647558e+14	3.931437e+00	8.569783e-01	3.931437e+00	8.569783e-01	3.407775e+00	6.590258e-01
3.649198e+14	3.931565e+00	8.356612e-01	3.931565e+00	8.356612e-01	3.401025e+00	6.590258e-01
3.650839e+14	3.931693e+00	8.143441e-01	3.931693e+00	8.143441e-01	3.394276e+00	6.590258e-01
3.652479e+14	3.931821e+00	7.930271e-01	3.931821e+00	7.930271e-01	3.387526e+00	6.590258e-01
3.654119e+14	3.931949e+00	7.717100e-01	3.931949e+00	7.717100e-01	3.380777e+00	6.590258e-01
3.655760e+14	3.932077e+00	7.503929e-01	3.932077e+00	7.503929e-01	3.374027e+00	6.590258e-01
3.657400e+14	3.932205e+00	7.290758e-01	3.932205e+00	7.290758e-01	3.367277e+00	6.590258e-01
3.659040e+14	3.932333e+00	7.077588e-01	3.932333e+00	7.077588e-01	3.360528e+00	6.590258e-01
3.660680e+14	3.932461e+00	6.864417e-01	3.932461e+00	6.864417e-01	3.353778e+00	6.590258e-01
3.662321e+14	3.932589e+00	6.651246e-01	3.932589e+00	6.651246e-01	3.347029e+00	6.590258e-01
3.663961e+14	3.932717e+00	6.438076e-01	3.932717e+00	6.438076e-01	3.340279e+00	6.590258e-01
3.665601e+14	3.932846e+00	6.224905e-01	3.932846e+00	6.224905e-01	3.333530e+00	6.590258e-01
3.667242e+14	3.932974e+00	6.011734e-01	3.932974e+00	6.011734e-01	3.331921e+00	6.534572e-01
3.668882e+14	3.933102e+00	5.798564e-01	3.933102e+00	5.798564e-01	3.337629e+00	6.445098e-01
3.670522e+14	3.933230e+00	5.585393e-01	3.933230e+00	5.585393e-01	3.343336e+00	6.355624e-01
3.672163e+14	3.933358e+00	5.389076e-01	3.933358e+00	5.389076e-01	3.349043e+00	6.266151e-01
3.673803e+14	3.933486e+00	5.352407e-01	3.933486e+00	5.352407e-01	3.354751e+00	6.176677e-01
3.675443e+14	3.933614e+00	5.315737e-01	3.933614e+00	5.315737e-01	3.360458e+00	6.087203e-01
3.677084e+14	3.933742e+00	5.279068e-01	3.933742e+00	5.279068e-01	3.366165e+00	5.997729e-01
3.678724e+14	3.933870e+00	5.242398e-01	3.933870e+00	5.242398e-01	3.371872e+00	5.908255e-01
3.680364e+14	3.933998e+00	5.205729e-01	3.933998e+00	5.205729e-01	3.377580e+00	5.818782e-01
3.682004e+14	3.934126e+00	5.169059e-01	3.934126e+00	5.169059e-01	3.383287e+00	5.729308e-01
3.683645e+14	3.934254e+00	5.132390e-01	3.934254e+00	5.132390e-01	3.388994e+00	5.639834e-01
3.685285e+14	3.934382e+00	5.095720e-01	3.934382e+00	5.095720e-01	3.394701e+00	5.550360e-01
3.686925e+14	3.934510e+00	5.059050e-01	3.934510e+00	5.059050e-01	3.400409e+00	5.460887e-01
3.688566e+14	3.934638e+00	5.022381e-01	3.934638e+00	5.022381e-01	3.406116e+00	5.371413e-01
3.690206e+14	3.934766e+00	4.985711e-01	3.934766e+00	4.985711e-01	3.411823e+00	5.281939e-01
3.691846e+14	3.934894e+00	4.949042e-01	3.934894e+00	4.949042e-01	3.417531e+00	5.192465e-01
3.693486e+14	3.935023e+00	4.912372e-01	3.935023e+00	4.912372e-01	3.423238e+00	5.102992e-01
3.695127e+14	3.935151e+00	4.875703e-01	3.935151e+00	4.875703e-01	3.428945e+00	5.013518e-01
3.696767e+14	3.935279e+00	4.839033e-01	3.935279e+00	4.839033e-01	3.434652e+00	4.924044e-01
3.698407e+14	3.935407e+00	4.802364e-01	3.935407e+00	4.802364e-01	3.440360e+00	4.834570e-01
3.700048e+14	3.935535e+00	4.765694e-01	3.935535e+00	4.765694e-01	3.446067e+00	4.745097e-01
3.701688e+14	3.935663e+00	4.729025e-01	3.935663e+00	4.729025e-01	3.451774e+00	4.655623e-01
3.703328e+14	3.935791e+00	4.692355e-01	3.935791e+00	4.692355e-01	3.457482e+00	4.566149e-01
3.704969e+14	3.935919e+00	4.655686e-01	3.935919e+00	4.655686e-01	3.463189e+00	4.476675e-01
3.706609e+14	3.936047e+00	4.619016e-01	3.936047e+00	4.619016e-01	3.468896e+00	4.387201e-01
3.708249e+14	3.936175e+00	4.582346e-01	3.936175e+00	4.582346e-01	3.474603e+00	4.297728e-01
3.709890e+14	3.936303e+00	4.545677e-01	3.936303e+00	4.545677e-01	3.480311e+00	4.208254e-01
3.711530e+14	3.936431e+00	4.509007e-01	3.936431e+00	4.509007e-01	3.486018e+00	4.118780e-01
3.713170e+14	3.936559e+00	4.472338e-01	3.936559e+00	4.472338e-01	3.491725e+00	4.029306e-01
3.714810e+14	3.936687e+00	4.435668e-01	3.936687e+00	4.435668e-01	3.497432e+00	3.939833e-01
3.716451e+14	3.936815e+00	4.398999e-01	3.936815e+00	4.398999e-01	3.503140e+00	3.850359e-01
3.718091e+14	3.936943e+00	4.362329e-01	3.936943e+00	4.362329e-01	3.508847e+00	3.760885e-01
3.719731e+14	3.937071e+00	4.325660e-01	3.937071e+00	4.325660e-01	3.514554e+00	3.671411e-01
3.721372e+14	3.937200e+00	4.288990e-01	3.937200e+00	4.288990e-01	3.520262e+00	3.581938e-01
3.723012e+14	3.937328e+00	4.252321e-01	3.937328e+00	4.252321e-01	3.525969e+00	3.492464e-01
3.724652e+14	3.937456e+00	4.215651e-01	3.937456e+00	4.215651e-01	3.531676e+00	3.402990e-01
3.726292e+14	3.937584e+00	4.178982e-01	3.937584e+00	4.178982e-01	3.537383e+00	3.313516e-01
3.727933e+14	3.937712e+00	4.142312e-01	3.937712e+00	4.142312e-01	3.543091e+00	3.224043e-01
3.729573e+14	3.937840e+00	4.105643e-01	3.937840e+00	4.105643e-01	3.548798e+00	3.151862e-01
3.731213e+14	3.937968e+00	4.068973e-01	3.937968e+00	4.068973e-01	3.554505e+00	3.151862e-01
3.732854e+14	3.938096e+00	4.032303e-01	3.938096e+00	4.032303e-01	3.560212e+00	3.151862e-01
3.734494e+14	3.938224e+00	3.995634e-01	3.938224e+00	3.995634e-01	3.565920e+00	3.151862e-01
3.736134e+14	3.938352e+00	3.958964e-01	3.938352e+00	3.958964e-01	3.571627e+00	3.151862e-01
3.737775e+14	3.938480e+00	3.922295e-01	3.938480e+00	3.922295e-01	3.577334e+00	3.151862e-01
3.739415e+14	3.938608e+00	3.885625e-01	3.938608e+00	3.885625e-01	3.583042e+00	3.151862e-01
3.741055e+14	3.938736e+00	3.848956e-01	3.938736e+00	3.848956e-01	3.588749e+00	3.151862e-01
3.742696e+14	3.938864e+00	3.812286e-01	3.938864e+00	3.812286e-01	3.594456e+00	3.151862e-01
3.744336e+14	3.938992e+00	3.775617e-01	3.938992e+00	3.775617e-01	3.600163e+00	3.151862e-01
3.745976e+14	3.939120e+00	3.738947e-01	3.939120e+00	3.738947e-01	3.605871e+00	3.151862e-01
3.747616e+14	3.939249e+00	3.702278e-01	3.939249e+00	3.702278e-01	3.611578e+00	3.151862e-01
3.749257e+14	3.939377e+00	3.665608e-01	3.939377e+00	3.665608e-01	3.617285e+00	3.151862e-01
3.750897e+14	3.939505e+00	3.628939e-01	3.939505e+00	3.628939e-01	3.622993e+00	3.151862e-01
3.752537e+14	3.939633e+00	3.592269e-01	3.939633e+00	3.592269e-01	3.628700e+00	3.151862e-01
3.754178e+14	3.939761e+00	3.555600e-01	3.939761e+00	3.555600e-01	3.634407e+00	3.151862e-01
3.755818e+14	3.939889e+00	3.518930e-01	3.939889e+00	3.518930e-01	3.640114e+00	3.151862e-01
3.757458e+14	3.940017e+00	3.482260e-01	3.940017e+00	3.482260e-01	3.645822e+00	3.151862e-01
3.759098e+14	3.940145e+00	3.445591e-01	3.940145e+00	3.445591e-01	3.651529e+00	3.151862e-01
3.760739e+14	3.940273e+00	3.408921e-01	3.940273e+00	3.408921e-01	3.657236e+00	3.151862e-01
3.762379e+14	3.940401e+00	3.372252e-01	3.940401e+00	3.372252e-01	3.658101e+00	3.151862e-01
3.764019e+14	3.940529e+00	3.335582e-01	3.940529e+00	3.335582e-01	3.658101e+00	3.151862e-01
3.765660e+14	3.940657e+00	3.298913e-01	3.940657e+00	3.298913e-01	3.658101e+00	3.151862e-01
