2.127000e+14	1.000000e+10	1.000000e+10
2.128640e+14	1.000000e+10	1.000000e+10
2.130281e+14	1.000000e+10	1.000000e+10
2.131921e+14	1.000000e+10	1.000000e+10
2.133561e+14	1.000000e+10	1.000000e+10
2.135202e+14	1.000000e+10	1.000000e+10
2.136842e+14	1.000000e+10	1.000000e+10
2.138482e+14	1.000000e+10	1.000000e+10
2.140122e+14	1.000000e+10	1.000000e+10
2.141763e+14	1.000000e+10	1.000000e+10
2.143403e+14	1.000000e+10	1.000000e+10
2.145043e+14	1.000000e+10	1.000000e+10
2.146684e+14	1.000000e+10	1.000000e+10
2.148324e+14	1.000000e+10	1.000000e+10
2.149964e+14	1.000000e+10	1.000000e+10
2.151604e+14	1.000000e+10	1.000000e+10
2.153245e+14	1.000000e+10	1.000000e+10
2.154885e+14	1.000000e+10	1.000000e+10
2.156525e+14	1.000000e+10	1.000000e+10
2.158166e+14	1.000000e+10	1.000000e+10
2.159806e+14	1.000000e+10	1.000000e+10
2.161446e+14	1.000000e+10	1.000000e+10
2.163087e+14	1.000000e+10	1.000000e+10
2.164727e+14	1.000000e+10	1.000000e+10
2.166367e+14	1.000000e+10	1.000000e+10
2.168008e+14	1.000000e+10	1.000000e+10
2.169648e+14	1.000000e+10	1.000000e+10
2.171288e+14	1.000000e+10	1.000000e+10
2.172928e+14	1.000000e+10	1.000000e+10
2.174569e+14	1.000000e+10	1.000000e+10
2.176209e+14	1.000000e+10	1.000000e+10
2.177849e+14	1.000000e+10	1.000000e+10
2.179490e+14	1.000000e+10	1.000000e+10
2.181130e+14	1.000000e+10	1.000000e+10
2.182770e+14	1.000000e+10	1.000000e+10
2.184410e+14	1.000000e+10	1.000000e+10
2.186051e+14	1.000000e+10	1.000000e+10
2.187691e+14	1.000000e+10	1.000000e+10
2.189331e+14	1.000000e+10	1.000000e+10
2.190972e+14	1.000000e+10	1.000000e+10
2.192612e+14	1.000000e+10	1.000000e+10
2.194252e+14	1.000000e+10	1.000000e+10
2.195893e+14	1.000000e+10	1.000000e+10
2.197533e+14	1.000000e+10	1.000000e+10
2.199173e+14	1.000000e+10	1.000000e+10
2.200814e+14	1.000000e+10	1.000000e+10
2.202454e+14	1.000000e+10	1.000000e+10
2.204094e+14	1.000000e+10	1.000000e+10
2.205734e+14	1.000000e+10	1.000000e+10
2.207375e+14	1.000000e+10	1.000000e+10
2.209015e+14	1.000000e+10	1.000000e+10
2.210655e+14	1.000000e+10	1.000000e+10
2.212296e+14	1.000000e+10	1.000000e+10
2.213936e+14	1.000000e+10	1.000000e+10
2.215576e+14	1.000000e+10	1.000000e+10
2.217216e+14	1.000000e+10	1.000000e+10
2.218857e+14	1.000000e+10	1.000000e+10
2.220497e+14	1.000000e+10	1.000000e+10
2.222137e+14	1.000000e+10	1.000000e+10
2.223778e+14	1.000000e+10	1.000000e+10
2.225418e+14	1.000000e+10	1.000000e+10
2.227058e+14	1.000000e+10	1.000000e+10
2.228699e+14	1.000000e+10	1.000000e+10
2.230339e+14	1.000000e+10	1.000000e+10
2.231979e+14	1.000000e+10	1.000000e+10
2.233620e+14	1.000000e+10	1.000000e+10
2.235260e+14	1.000000e+10	1.000000e+10
2.236900e+14	1.000000e+10	1.000000e+10
2.238540e+14	1.000000e+10	1.000000e+10
2.240181e+14	1.000000e+10	1.000000e+10
2.241821e+14	1.000000e+10	1.000000e+10
2.243461e+14	1.000000e+10	1.000000e+10
2.245102e+14	1.000000e+10	1.000000e+10
2.246742e+14	1.000000e+10	1.000000e+10
2.248382e+14	1.000000e+10	1.000000e+10
2.250022e+14	1.000000e+10	1.000000e+10
2.251663e+14	1.000000e+10	1.000000e+10
2.253303e+14	1.000000e+10	1.000000e+10
2.254943e+14	1.000000e+10	1.000000e+10
2.256584e+14	1.000000e+10	1.000000e+10
2.258224e+14	1.000000e+10	1.000000e+10
2.259864e+14	1.000000e+10	1.000000e+10
2.261505e+14	1.000000e+10	1.000000e+10
2.263145e+14	1.000000e+10	1.000000e+10
2.264785e+14	1.000000e+10	1.000000e+10
2.266426e+14	1.000000e+10	1.000000e+10
2.268066e+14	1.000000e+10	1.000000e+10
2.269706e+14	1.000000e+10	1.000000e+10
2.271346e+14	1.000000e+10	1.000000e+10
2.272987e+14	1.000000e+10	1.000000e+10
2.274627e+14	1.000000e+10	1.000000e+10
2.276267e+14	1.000000e+10	1.000000e+10
2.277908e+14	1.000000e+10	1.000000e+10
2.279548e+14	1.000000e+10	1.000000e+10
2.281188e+14	1.000000e+10	1.000000e+10
2.282828e+14	1.000000e+10	1.000000e+10
2.284469e+14	1.000000e+10	1.000000e+10
2.286109e+14	1.000000e+10	1.000000e+10
2.287749e+14	1.000000e+10	1.000000e+10
2.289390e+14	1.000000e+10	1.000000e+10
2.291030e+14	1.000000e+10	1.000000e+10
2.292670e+14	1.000000e+10	1.000000e+10
2.294311e+14	1.000000e+10	1.000000e+10
2.295951e+14	1.000000e+10	1.000000e+10
2.297591e+14	1.000000e+10	1.000000e+10
2.299232e+14	1.000000e+10	1.000000e+10
2.300872e+14	1.000000e+10	1.000000e+10
2.302512e+14	1.000000e+10	1.000000e+10
2.304152e+14	1.000000e+10	1.000000e+10
2.305793e+14	1.000000e+10	1.000000e+10
2.307433e+14	1.000000e+10	1.000000e+10
2.309073e+14	1.000000e+10	1.000000e+10
2.310714e+14	1.000000e+10	1.000000e+10
2.312354e+14	1.000000e+10	1.000000e+10
2.313994e+14	1.000000e+10	1.000000e+10
2.315634e+14	1.000000e+10	1.000000e+10
2.317275e+14	1.000000e+10	1.000000e+10
2.318915e+14	1.000000e+10	1.000000e+10
2.320555e+14	1.000000e+10	1.000000e+10
2.322196e+14	1.000000e+10	1.000000e+10
2.323836e+14	1.000000e+10	1.000000e+10
2.325476e+14	1.000000e+10	1.000000e+10
2.327117e+14	1.000000e+10	1.000000e+10
2.328757e+14	1.000000e+10	1.000000e+10
2.330397e+14	1.000000e+10	1.000000e+10
2.332038e+14	1.000000e+10	1.000000e+10
2.333678e+14	1.000000e+10	1.000000e+10
2.335318e+14	1.000000e+10	1.000000e+10
2.336958e+14	1.000000e+10	1.000000e+10
2.338599e+14	1.000000e+10	1.000000e+10
2.340239e+14	1.000000e+10	1.000000e+10
2.341879e+14	1.000000e+10	1.000000e+10
2.343520e+14	1.000000e+10	1.000000e+10
2.345160e+14	1.000000e+10	1.000000e+10
2.346800e+14	1.000000e+10	1.000000e+10
2.348440e+14	1.000000e+10	1.000000e+10
2.350081e+14	1.000000e+10	1.000000e+10
2.351721e+14	1.000000e+10	1.000000e+10
2.353361e+14	1.000000e+10	1.000000e+10
2.355002e+14	1.000000e+10	1.000000e+10
2.356642e+14	1.000000e+10	1.000000e+10
2.358282e+14	1.000000e+10	1.000000e+10
2.359923e+14	1.000000e+10	1.000000e+10
2.361563e+14	1.000000e+10	1.000000e+10
2.363203e+14	1.000000e+10	1.000000e+10
2.364844e+14	1.000000e+10	1.000000e+10
2.366484e+14	1.000000e+10	1.000000e+10
2.368124e+14	1.000000e+10	1.000000e+10
2.369764e+14	1.000000e+10	1.000000e+10
2.371405e+14	1.000000e+10	1.000000e+10
2.373045e+14	1.000000e+10	1.000000e+10
2.374685e+14	1.000000e+10	1.000000e+10
2.376326e+14	1.000000e+10	1.000000e+10
2.377966e+14	1.000000e+10	1.000000e+10
2.379606e+14	1.000000e+10	1.000000e+10
2.381246e+14	1.000000e+10	1.000000e+10
2.382887e+14	1.000000e+10	1.000000e+10
2.384527e+14	1.000000e+10	1.000000e+10
2.386167e+14	1.000000e+10	1.000000e+10
2.387808e+14	1.000000e+10	1.000000e+10
2.389448e+14	1.000000e+10	1.000000e+10
2.391088e+14	1.000000e+10	1.000000e+10
2.392729e+14	1.000000e+10	1.000000e+10
2.394369e+14	1.000000e+10	1.000000e+10
2.396009e+14	1.000000e+10	1.000000e+10
2.397650e+14	1.000000e+10	1.000000e+10
2.399290e+14	1.000000e+10	1.000000e+10
2.400930e+14	1.000000e+10	1.000000e+10
2.402570e+14	1.000000e+10	1.000000e+10
2.404211e+14	1.000000e+10	1.000000e+10
2.405851e+14	1.000000e+10	1.000000e+10
2.407491e+14	1.000000e+10	1.000000e+10
2.409132e+14	1.000000e+10	1.000000e+10
2.410772e+14	1.000000e+10	1.000000e+10
2.412412e+14	1.000000e+10	1.000000e+10
2.414052e+14	1.000000e+10	1.000000e+10
2.415693e+14	1.000000e+10	1.000000e+10
2.417333e+14	1.000000e+10	1.000000e+10
2.418973e+14	1.000000e+10	1.000000e+10
2.420614e+14	1.000000e+10	1.000000e+10
2.422254e+14	1.000000e+10	1.000000e+10
2.423894e+14	1.000000e+10	1.000000e+10
2.425535e+14	1.000000e+10	1.000000e+10
2.427175e+14	1.000000e+10	1.000000e+10
2.428815e+14	1.000000e+10	1.000000e+10
2.430456e+14	1.000000e+10	1.000000e+10
2.432096e+14	1.000000e+10	1.000000e+10
2.433736e+14	1.000000e+10	1.000000e+10
2.435376e+14	1.000000e+10	1.000000e+10
2.437017e+14	1.000000e+10	1.000000e+10
2.438657e+14	1.000000e+10	1.000000e+10
2.440297e+14	1.000000e+10	1.000000e+10
2.441938e+14	1.000000e+10	1.000000e+10
2.443578e+14	1.000000e+10	1.000000e+10
2.445218e+14	1.000000e+10	1.000000e+10
2.446858e+14	1.000000e+10	1.000000e+10
2.448499e+14	1.000000e+10	1.000000e+10
2.450139e+14	1.000000e+10	1.000000e+10
2.451779e+14	1.000000e+10	1.000000e+10
2.453420e+14	1.000000e+10	1.000000e+10
2.455060e+14	1.000000e+10	1.000000e+10
2.456700e+14	1.000000e+10	1.000000e+10
2.458341e+14	1.000000e+10	1.000000e+10
2.459981e+14	1.000000e+10	1.000000e+10
2.461621e+14	1.000000e+10	1.000000e+10
2.463262e+14	1.000000e+10	1.000000e+10
2.464902e+14	1.000000e+10	1.000000e+10
2.466542e+14	1.000000e+10	1.000000e+10
2.468182e+14	1.000000e+10	1.000000e+10
2.469823e+14	1.000000e+10	1.000000e+10
2.471463e+14	1.000000e+10	1.000000e+10
2.473103e+14	1.000000e+10	1.000000e+10
2.474744e+14	1.000000e+10	1.000000e+10
2.476384e+14	1.000000e+10	1.000000e+10
2.478024e+14	1.000000e+10	1.000000e+10
2.479664e+14	1.000000e+10	1.000000e+10
2.481305e+14	1.000000e+10	1.000000e+10
2.482945e+14	1.000000e+10	1.000000e+10
2.484585e+14	1.000000e+10	1.000000e+10
2.486226e+14	1.000000e+10	1.000000e+10
2.487866e+14	1.000000e+10	1.000000e+10
2.489506e+14	1.000000e+10	1.000000e+10
2.491147e+14	1.000000e+10	1.000000e+10
2.492787e+14	1.000000e+10	1.000000e+10
2.494427e+14	1.000000e+10	1.000000e+10
2.496068e+14	1.000000e+10	1.000000e+10
2.497708e+14	1.000000e+10	1.000000e+10
2.499348e+14	1.000000e+10	1.000000e+10
2.500988e+14	1.000000e+10	1.000000e+10
2.502629e+14	1.000000e+10	1.000000e+10
2.504269e+14	1.000000e+10	1.000000e+10
2.505909e+14	1.000000e+10	1.000000e+10
2.507550e+14	1.000000e+10	1.000000e+10
2.509190e+14	1.000000e+10	1.000000e+10
2.510830e+14	1.000000e+10	1.000000e+10
2.512470e+14	1.000000e+10	1.000000e+10
2.514111e+14	1.000000e+10	1.000000e+10
2.515751e+14	1.000000e+10	1.000000e+10
2.517391e+14	1.000000e+10	1.000000e+10
2.519032e+14	1.000000e+10	1.000000e+10
2.520672e+14	1.000000e+10	1.000000e+10
2.522312e+14	1.000000e+10	1.000000e+10
2.523953e+14	1.000000e+10	1.000000e+10
2.525593e+14	1.000000e+10	1.000000e+10
2.527233e+14	1.000000e+10	1.000000e+10
2.528874e+14	1.000000e+10	1.000000e+10
2.530514e+14	1.000000e+10	1.000000e+10
2.532154e+14	1.000000e+10	1.000000e+10
2.533794e+14	1.000000e+10	1.000000e+10
2.535435e+14	1.000000e+10	1.000000e+10
2.537075e+14	1.000000e+10	1.000000e+10
2.538715e+14	1.000000e+10	1.000000e+10
2.540356e+14	1.000000e+10	1.000000e+10
2.541996e+14	1.000000e+10	1.000000e+10
2.543636e+14	1.000000e+10	1.000000e+10
2.545276e+14	1.000000e+10	1.000000e+10
2.546917e+14	1.000000e+10	1.000000e+10
2.548557e+14	1.000000e+10	1.000000e+10
2.550197e+14	1.000000e+10	1.000000e+10
2.551838e+14	1.000000e+10	1.000000e+10
2.553478e+14	1.000000e+10	1.000000e+10
2.555118e+14	1.000000e+10	1.000000e+10
2.556759e+14	1.000000e+10	1.000000e+10
2.558399e+14	1.000000e+10	1.000000e+10
2.560039e+14	1.000000e+10	1.000000e+10
2.561680e+14	1.000000e+10	1.000000e+10
2.563320e+14	1.000000e+10	1.000000e+10
2.564960e+14	1.000000e+10	1.000000e+10
2.566600e+14	1.000000e+10	1.000000e+10
2.568241e+14	1.000000e+10	1.000000e+10
2.569881e+14	1.000000e+10	1.000000e+10
2.571521e+14	1.000000e+10	1.000000e+10
2.573162e+14	1.000000e+10	1.000000e+10
2.574802e+14	1.000000e+10	1.000000e+10
2.576442e+14	1.000000e+10	1.000000e+10
2.578082e+14	1.000000e+10	1.000000e+10
2.579723e+14	1.000000e+10	1.000000e+10
2.581363e+14	1.000000e+10	1.000000e+10
2.583003e+14	1.000000e+10	1.000000e+10
2.584644e+14	1.000000e+10	1.000000e+10
2.586284e+14	1.000000e+10	1.000000e+10
2.587924e+14	1.000000e+10	1.000000e+10
2.589565e+14	1.000000e+10	1.000000e+10
2.591205e+14	1.000000e+10	1.000000e+10
2.592845e+14	1.000000e+10	1.000000e+10
2.594486e+14	1.000000e+10	1.000000e+10
2.596126e+14	1.000000e+10	1.000000e+10
2.597766e+14	1.000000e+10	1.000000e+10
2.599406e+14	1.000000e+10	1.000000e+10
2.601047e+14	1.000000e+10	1.000000e+10
2.602687e+14	1.000000e+10	1.000000e+10
2.604327e+14	1.000000e+10	1.000000e+10
2.605968e+14	1.000000e+10	1.000000e+10
2.607608e+14	1.000000e+10	1.000000e+10
2.609248e+14	1.000000e+10	1.000000e+10
2.610888e+14	1.000000e+10	1.000000e+10
2.612529e+14	1.000000e+10	1.000000e+10
2.614169e+14	1.000000e+10	1.000000e+10
2.615809e+14	1.000000e+10	1.000000e+10
2.617450e+14	1.000000e+10	1.000000e+10
2.619090e+14	1.000000e+10	1.000000e+10
2.620730e+14	1.000000e+10	1.000000e+10
2.622371e+14	1.000000e+10	1.000000e+10
2.624011e+14	1.000000e+10	1.000000e+10
2.625651e+14	1.000000e+10	1.000000e+10
2.627292e+14	1.000000e+10	1.000000e+10
2.628932e+14	1.000000e+10	1.000000e+10
2.630572e+14	1.000000e+10	1.000000e+10
2.632212e+14	1.000000e+10	1.000000e+10
2.633853e+14	1.000000e+10	1.000000e+10
2.635493e+14	1.000000e+10	1.000000e+10
2.637133e+14	1.000000e+10	1.000000e+10
2.638774e+14	1.000000e+10	1.000000e+10
2.640414e+14	1.000000e+10	1.000000e+10
2.642054e+14	1.000000e+10	1.000000e+10
2.643694e+14	1.000000e+10	1.000000e+10
2.645335e+14	1.000000e+10	1.000000e+10
2.646975e+14	1.000000e+10	1.000000e+10
2.648615e+14	1.000000e+10	1.000000e+10
2.650256e+14	1.000000e+10	1.000000e+10
2.651896e+14	1.000000e+10	1.000000e+10
2.653536e+14	1.000000e+10	1.000000e+10
2.655177e+14	1.000000e+10	1.000000e+10
2.656817e+14	1.000000e+10	1.000000e+10
2.658457e+14	1.000000e+10	1.000000e+10
2.660098e+14	1.000000e+10	1.000000e+10
2.661738e+14	1.000000e+10	1.000000e+10
2.663378e+14	1.000000e+10	1.000000e+10
2.665018e+14	1.000000e+10	1.000000e+10
2.666659e+14	1.000000e+10	1.000000e+10
2.668299e+14	1.000000e+10	1.000000e+10
2.669939e+14	1.000000e+10	1.000000e+10
2.671580e+14	1.000000e+10	1.000000e+10
2.673220e+14	1.000000e+10	1.000000e+10
2.674860e+14	1.000000e+10	1.000000e+10
2.676500e+14	1.000000e+10	1.000000e+10
2.678141e+14	1.000000e+10	1.000000e+10
2.679781e+14	1.000000e+10	1.000000e+10
2.681421e+14	1.000000e+10	1.000000e+10
2.683062e+14	1.000000e+10	1.000000e+10
2.684702e+14	1.000000e+10	1.000000e+10
2.686342e+14	1.000000e+10	1.000000e+10
2.687983e+14	1.000000e+10	1.000000e+10
2.689623e+14	1.000000e+10	1.000000e+10
2.691263e+14	1.000000e+10	1.000000e+10
2.692904e+14	1.000000e+10	1.000000e+10
2.694544e+14	1.000000e+10	1.000000e+10
2.696184e+14	1.000000e+10	1.000000e+10
2.697824e+14	1.000000e+10	1.000000e+10
2.699465e+14	1.000000e+10	1.000000e+10
2.701105e+14	1.000000e+10	1.000000e+10
2.702745e+14	1.000000e+10	1.000000e+10
2.704386e+14	1.000000e+10	1.000000e+10
2.706026e+14	1.000000e+10	1.000000e+10
2.707666e+14	1.000000e+10	1.000000e+10
2.709306e+14	1.000000e+10	1.000000e+10
2.710947e+14	1.000000e+10	1.000000e+10
2.712587e+14	1.000000e+10	1.000000e+10
2.714227e+14	1.000000e+10	1.000000e+10
2.715868e+14	1.000000e+10	1.000000e+10
2.717508e+14	1.000000e+10	1.000000e+10
2.719148e+14	1.000000e+10	1.000000e+10
2.720789e+14	1.000000e+10	1.000000e+10
2.722429e+14	1.000000e+10	1.000000e+10
2.724069e+14	1.000000e+10	1.000000e+10
2.725710e+14	1.000000e+10	1.000000e+10
2.727350e+14	1.000000e+10	1.000000e+10
2.728990e+14	1.000000e+10	1.000000e+10
2.730630e+14	1.000000e+10	1.000000e+10
2.732271e+14	1.000000e+10	1.000000e+10
2.733911e+14	1.000000e+10	1.000000e+10
2.735551e+14	1.000000e+10	1.000000e+10
2.737192e+14	1.000000e+10	1.000000e+10
2.738832e+14	1.000000e+10	1.000000e+10
2.740472e+14	1.000000e+10	1.000000e+10
2.742112e+14	1.000000e+10	1.000000e+10
2.743753e+14	1.000000e+10	1.000000e+10
2.745393e+14	1.000000e+10	1.000000e+10
2.747033e+14	1.000000e+10	1.000000e+10
2.748674e+14	1.000000e+10	1.000000e+10
2.750314e+14	1.000000e+10	1.000000e+10
2.751954e+14	1.000000e+10	1.000000e+10
2.753595e+14	1.000000e+10	1.000000e+10
2.755235e+14	1.000000e+10	1.000000e+10
2.756875e+14	1.000000e+10	1.000000e+10
2.758516e+14	1.000000e+10	1.000000e+10
2.760156e+14	1.000000e+10	1.000000e+10
2.761796e+14	1.000000e+10	1.000000e+10
2.763436e+14	1.000000e+10	1.000000e+10
2.765077e+14	1.000000e+10	1.000000e+10
2.766717e+14	1.000000e+10	1.000000e+10
2.768357e+14	1.000000e+10	1.000000e+10
2.769998e+14	1.000000e+10	1.000000e+10
2.771638e+14	1.000000e+10	1.000000e+10
2.773278e+14	1.000000e+10	1.000000e+10
2.774918e+14	1.000000e+10	1.000000e+10
2.776559e+14	1.000000e+10	1.000000e+10
2.778199e+14	1.000000e+10	1.000000e+10
2.779839e+14	1.000000e+10	1.000000e+10
2.781480e+14	1.000000e+10	1.000000e+10
2.783120e+14	1.000000e+10	1.000000e+10
2.784760e+14	1.000000e+10	1.000000e+10
2.786401e+14	1.000000e+10	1.000000e+10
2.788041e+14	1.000000e+10	1.000000e+10
2.789681e+14	1.000000e+10	1.000000e+10
2.791322e+14	1.000000e+10	1.000000e+10
2.792962e+14	1.000000e+10	1.000000e+10
2.794602e+14	1.000000e+10	1.000000e+10
2.796242e+14	1.000000e+10	1.000000e+10
2.797883e+14	1.000000e+10	1.000000e+10
2.799523e+14	1.000000e+10	1.000000e+10
2.801163e+14	1.000000e+10	1.000000e+10
2.802804e+14	1.000000e+10	1.000000e+10
2.804444e+14	1.000000e+10	1.000000e+10
2.806084e+14	1.000000e+10	1.000000e+10
2.807724e+14	1.000000e+10	1.000000e+10
2.809365e+14	1.000000e+10	1.000000e+10
2.811005e+14	1.000000e+10	1.000000e+10
2.812645e+14	1.000000e+10	1.000000e+10
2.814286e+14	1.000000e+10	1.000000e+10
2.815926e+14	1.000000e+10	1.000000e+10
2.817566e+14	1.000000e+10	1.000000e+10
2.819207e+14	1.000000e+10	1.000000e+10
2.820847e+14	1.000000e+10	1.000000e+10
2.822487e+14	1.000000e+10	1.000000e+10
2.824128e+14	1.000000e+10	1.000000e+10
2.825768e+14	1.000000e+10	1.000000e+10
2.827408e+14	1.000000e+10	1.000000e+10
2.829048e+14	1.000000e+10	1.000000e+10
2.830689e+14	1.000000e+10	1.000000e+10
2.832329e+14	1.000000e+10	1.000000e+10
2.833969e+14	1.000000e+10	1.000000e+10
2.835610e+14	1.000000e+10	1.000000e+10
2.837250e+14	1.000000e+10	1.000000e+10
2.838890e+14	1.000000e+10	1.000000e+10
2.840530e+14	1.000000e+10	1.000000e+10
2.842171e+14	1.000000e+10	1.000000e+10
2.843811e+14	1.000000e+10	1.000000e+10
2.845451e+14	1.000000e+10	1.000000e+10
2.847092e+14	1.000000e+10	1.000000e+10
2.848732e+14	1.000000e+10	1.000000e+10
2.850372e+14	1.000000e+10	1.000000e+10
2.852013e+14	1.000000e+10	1.000000e+10
2.853653e+14	1.000000e+10	1.000000e+10
2.855293e+14	1.000000e+10	1.000000e+10
2.856934e+14	1.000000e+10	1.000000e+10
2.858574e+14	1.000000e+10	1.000000e+10
2.860214e+14	1.000000e+10	1.000000e+10
2.861854e+14	1.000000e+10	1.000000e+10
2.863495e+14	1.000000e+10	1.000000e+10
2.865135e+14	1.000000e+10	1.000000e+10
2.866775e+14	1.000000e+10	1.000000e+10
2.868416e+14	1.000000e+10	1.000000e+10
2.870056e+14	1.000000e+10	1.000000e+10
2.871696e+14	1.000000e+10	1.000000e+10
2.873336e+14	1.000000e+10	1.000000e+10
2.874977e+14	1.000000e+10	1.000000e+10
2.876617e+14	1.000000e+10	1.000000e+10
2.878257e+14	1.000000e+10	1.000000e+10
2.879898e+14	1.000000e+10	1.000000e+10
2.881538e+14	1.000000e+10	1.000000e+10
2.883178e+14	1.000000e+10	1.000000e+10
2.884819e+14	1.000000e+10	1.000000e+10
2.886459e+14	1.000000e+10	1.000000e+10
2.888099e+14	1.000000e+10	1.000000e+10
2.889740e+14	1.000000e+10	1.000000e+10
2.891380e+14	1.000000e+10	1.000000e+10
2.893020e+14	1.000000e+10	1.000000e+10
2.894660e+14	1.000000e+10	1.000000e+10
2.896301e+14	1.000000e+10	1.000000e+10
2.897941e+14	1.000000e+10	1.000000e+10
2.899581e+14	1.000000e+10	1.000000e+10
2.901222e+14	1.000000e+10	1.000000e+10
2.902862e+14	1.000000e+10	1.000000e+10
2.904502e+14	1.000000e+10	1.000000e+10
2.906142e+14	1.000000e+10	1.000000e+10
2.907783e+14	1.000000e+10	1.000000e+10
2.909423e+14	1.000000e+10	1.000000e+10
2.911063e+14	1.000000e+10	1.000000e+10
2.912704e+14	1.000000e+10	1.000000e+10
2.914344e+14	1.000000e+10	1.000000e+10
2.915984e+14	1.000000e+10	1.000000e+10
2.917625e+14	1.000000e+10	1.000000e+10
2.919265e+14	1.000000e+10	1.000000e+10
2.920905e+14	1.000000e+10	1.000000e+10
2.922546e+14	1.000000e+10	1.000000e+10
2.924186e+14	1.000000e+10	1.000000e+10
2.925826e+14	1.000000e+10	1.000000e+10
2.927466e+14	1.000000e+10	1.000000e+10
2.929107e+14	1.000000e+10	1.000000e+10
2.930747e+14	1.000000e+10	1.000000e+10
2.932387e+14	1.000000e+10	1.000000e+10
2.934028e+14	1.000000e+10	1.000000e+10
2.935668e+14	1.000000e+10	1.000000e+10
2.937308e+14	1.000000e+10	1.000000e+10
2.938948e+14	1.000000e+10	1.000000e+10
2.940589e+14	1.000000e+10	1.000000e+10
2.942229e+14	1.000000e+10	1.000000e+10
2.943869e+14	1.000000e+10	1.000000e+10
2.945510e+14	1.000000e+10	1.000000e+10
2.947150e+14	1.000000e+10	1.000000e+10
2.948790e+14	1.000000e+10	1.000000e+10
2.950431e+14	1.000000e+10	1.000000e+10
2.952071e+14	1.000000e+10	1.000000e+10
2.953711e+14	1.000000e+10	1.000000e+10
2.955352e+14	1.000000e+10	1.000000e+10
2.956992e+14	1.000000e+10	1.000000e+10
2.958632e+14	1.000000e+10	1.000000e+10
2.960272e+14	1.000000e+10	1.000000e+10
2.961913e+14	1.000000e+10	1.000000e+10
2.963553e+14	1.000000e+10	1.000000e+10
2.965193e+14	1.000000e+10	1.000000e+10
2.966834e+14	1.000000e+10	1.000000e+10
2.968474e+14	1.000000e+10	1.000000e+10
2.970114e+14	1.000000e+10	1.000000e+10
2.971754e+14	1.000000e+10	1.000000e+10
2.973395e+14	1.000000e+10	1.000000e+10
2.975035e+14	1.000000e+10	1.000000e+10
2.976675e+14	1.000000e+10	1.000000e+10
2.978316e+14	1.000000e+10	1.000000e+10
2.979956e+14	1.000000e+10	1.000000e+10
2.981596e+14	1.000000e+10	1.000000e+10
2.983237e+14	1.000000e+10	1.000000e+10
2.984877e+14	1.000000e+10	1.000000e+10
2.986517e+14	1.000000e+10	1.000000e+10
2.988158e+14	1.000000e+10	1.000000e+10
2.989798e+14	1.000000e+10	1.000000e+10
2.991438e+14	1.000000e+10	1.000000e+10
2.993078e+14	1.000000e+10	1.000000e+10
2.994719e+14	1.000000e+10	1.000000e+10
2.996359e+14	1.000000e+10	1.000000e+10
2.997999e+14	1.000000e+10	1.000000e+10
2.999640e+14	1.000000e+10	1.000000e+10
3.001280e+14	1.000000e+10	1.000000e+10
3.002920e+14	1.000000e+10	1.000000e+10
3.004560e+14	1.000000e+10	1.000000e+10
3.006201e+14	1.000000e+10	1.000000e+10
3.007841e+14	1.000000e+10	1.000000e+10
3.009481e+14	1.000000e+10	1.000000e+10
3.011122e+14	1.000000e+10	1.000000e+10
3.012762e+14	1.000000e+10	1.000000e+10
3.014402e+14	1.000000e+10	1.000000e+10
3.016043e+14	1.000000e+10	1.000000e+10
3.017683e+14	1.000000e+10	1.000000e+10
3.019323e+14	1.000000e+10	1.000000e+10
3.020964e+14	1.000000e+10	1.000000e+10
3.022604e+14	1.000000e+10	1.000000e+10
3.024244e+14	1.000000e+10	1.000000e+10
3.025884e+14	1.000000e+10	1.000000e+10
3.027525e+14	1.000000e+10	1.000000e+10
3.029165e+14	1.000000e+10	1.000000e+10
3.030805e+14	1.000000e+10	1.000000e+10
3.032446e+14	1.000000e+10	1.000000e+10
3.034086e+14	1.000000e+10	1.000000e+10
3.035726e+14	1.000000e+10	1.000000e+10
3.037366e+14	1.000000e+10	1.000000e+10
3.039007e+14	1.000000e+10	1.000000e+10
3.040647e+14	1.000000e+10	1.000000e+10
3.042287e+14	1.000000e+10	1.000000e+10
3.043928e+14	1.000000e+10	1.000000e+10
3.045568e+14	1.000000e+10	1.000000e+10
3.047208e+14	1.000000e+10	1.000000e+10
3.048849e+14	1.000000e+10	1.000000e+10
3.050489e+14	1.000000e+10	1.000000e+10
3.052129e+14	1.000000e+10	1.000000e+10
3.053770e+14	1.000000e+10	1.000000e+10
3.055410e+14	1.000000e+10	1.000000e+10
3.057050e+14	1.000000e+10	1.000000e+10
3.058690e+14	1.000000e+10	1.000000e+10
3.060331e+14	1.000000e+10	1.000000e+10
3.061971e+14	1.000000e+10	1.000000e+10
3.063611e+14	1.000000e+10	1.000000e+10
3.065252e+14	1.000000e+10	1.000000e+10
3.066892e+14	1.000000e+10	1.000000e+10
3.068532e+14	1.000000e+10	1.000000e+10
3.070172e+14	1.000000e+10	1.000000e+10
3.071813e+14	1.000000e+10	1.000000e+10
3.073453e+14	1.000000e+10	1.000000e+10
3.075093e+14	1.000000e+10	1.000000e+10
3.076734e+14	1.000000e+10	1.000000e+10
3.078374e+14	1.000000e+10	1.000000e+10
3.080014e+14	1.000000e+10	1.000000e+10
3.081655e+14	1.000000e+10	1.000000e+10
3.083295e+14	1.000000e+10	1.000000e+10
3.084935e+14	1.000000e+10	1.000000e+10
3.086576e+14	1.000000e+10	1.000000e+10
3.088216e+14	1.000000e+10	1.000000e+10
3.089856e+14	1.000000e+10	1.000000e+10
3.091496e+14	1.000000e+10	1.000000e+10
3.093137e+14	1.000000e+10	1.000000e+10
3.094777e+14	1.000000e+10	1.000000e+10
3.096417e+14	1.000000e+10	1.000000e+10
3.098058e+14	1.000000e+10	1.000000e+10
3.099698e+14	1.000000e+10	1.000000e+10
3.101338e+14	1.000000e+10	1.000000e+10
3.102978e+14	1.000000e+10	1.000000e+10
3.104619e+14	1.000000e+10	1.000000e+10
3.106259e+14	1.000000e+10	1.000000e+10
3.107899e+14	1.000000e+10	1.000000e+10
3.109540e+14	1.000000e+10	1.000000e+10
3.111180e+14	1.000000e+10	1.000000e+10
3.112820e+14	1.000000e+10	1.000000e+10
3.114461e+14	1.000000e+10	1.000000e+10
3.116101e+14	1.000000e+10	1.000000e+10
3.117741e+14	1.000000e+10	1.000000e+10
3.119382e+14	1.000000e+10	1.000000e+10
3.121022e+14	1.000000e+10	1.000000e+10
3.122662e+14	1.000000e+10	1.000000e+10
3.124302e+14	1.000000e+10	1.000000e+10
3.125943e+14	1.000000e+10	1.000000e+10
3.127583e+14	1.000000e+10	1.000000e+10
3.129223e+14	1.000000e+10	1.000000e+10
3.130864e+14	1.000000e+10	1.000000e+10
3.132504e+14	1.000000e+10	1.000000e+10
3.134144e+14	1.000000e+10	1.000000e+10
3.135784e+14	1.000000e+10	1.000000e+10
3.137425e+14	1.000000e+10	1.000000e+10
3.139065e+14	1.000000e+10	1.000000e+10
3.140705e+14	1.000000e+10	1.000000e+10
3.142346e+14	1.000000e+10	1.000000e+10
3.143986e+14	1.000000e+10	1.000000e+10
3.145626e+14	1.000000e+10	1.000000e+10
3.147267e+14	1.000000e+10	1.000000e+10
3.148907e+14	1.000000e+10	1.000000e+10
3.150547e+14	1.000000e+10	1.000000e+10
3.152188e+14	1.000000e+10	1.000000e+10
3.153828e+14	1.000000e+10	1.000000e+10
3.155468e+14	1.000000e+10	1.000000e+10
3.157108e+14	1.000000e+10	1.000000e+10
3.158749e+14	1.000000e+10	1.000000e+10
3.160389e+14	1.000000e+10	1.000000e+10
3.162029e+14	1.000000e+10	1.000000e+10
3.163670e+14	1.000000e+10	1.000000e+10
3.165310e+14	1.000000e+10	1.000000e+10
3.166950e+14	1.000000e+10	1.000000e+10
3.168590e+14	1.000000e+10	1.000000e+10
3.170231e+14	1.000000e+10	1.000000e+10
3.171871e+14	1.000000e+10	1.000000e+10
3.173511e+14	1.000000e+10	1.000000e+10
3.175152e+14	1.000000e+10	1.000000e+10
3.176792e+14	1.000000e+10	1.000000e+10
3.178432e+14	1.000000e+10	1.000000e+10
3.180073e+14	1.000000e+10	1.000000e+10
3.181713e+14	1.000000e+10	1.000000e+10
3.183353e+14	1.000000e+10	1.000000e+10
3.184994e+14	1.000000e+10	1.000000e+10
3.186634e+14	1.000000e+10	1.000000e+10
3.188274e+14	1.000000e+10	1.000000e+10
3.189914e+14	1.000000e+10	1.000000e+10
3.191555e+14	1.000000e+10	1.000000e+10
3.193195e+14	1.000000e+10	1.000000e+10
3.194835e+14	1.000000e+10	1.000000e+10
3.196476e+14	1.000000e+10	1.000000e+10
3.198116e+14	1.000000e+10	1.000000e+10
3.199756e+14	1.000000e+10	1.000000e+10
3.201396e+14	1.000000e+10	1.000000e+10
3.203037e+14	1.000000e+10	1.000000e+10
3.204677e+14	1.000000e+10	1.000000e+10
3.206317e+14	1.000000e+10	1.000000e+10
3.207958e+14	1.000000e+10	1.000000e+10
3.209598e+14	1.000000e+10	1.000000e+10
3.211238e+14	1.000000e+10	1.000000e+10
3.212879e+14	1.000000e+10	1.000000e+10
3.214519e+14	1.000000e+10	1.000000e+10
3.216159e+14	1.000000e+10	1.000000e+10
3.217800e+14	1.000000e+10	1.000000e+10
3.219440e+14	1.000000e+10	1.000000e+10
3.221080e+14	1.000000e+10	1.000000e+10
3.222720e+14	1.000000e+10	1.000000e+10
3.224361e+14	1.000000e+10	1.000000e+10
3.226001e+14	1.000000e+10	1.000000e+10
3.227641e+14	1.000000e+10	1.000000e+10
3.229282e+14	1.000000e+10	1.000000e+10
3.230922e+14	1.000000e+10	1.000000e+10
3.232562e+14	1.000000e+10	1.000000e+10
3.234202e+14	1.000000e+10	1.000000e+10
3.235843e+14	1.000000e+10	1.000000e+10
3.237483e+14	1.000000e+10	1.000000e+10
3.239123e+14	1.000000e+10	1.000000e+10
3.240764e+14	1.000000e+10	1.000000e+10
3.242404e+14	1.000000e+10	1.000000e+10
3.244044e+14	1.000000e+10	1.000000e+10
3.245685e+14	1.000000e+10	1.000000e+10
3.247325e+14	1.000000e+10	1.000000e+10
3.248965e+14	1.000000e+10	1.000000e+10
3.250606e+14	1.000000e+10	1.000000e+10
3.252246e+14	1.000000e+10	1.000000e+10
3.253886e+14	1.000000e+10	1.000000e+10
3.255526e+14	1.000000e+10	1.000000e+10
3.257167e+14	1.000000e+10	1.000000e+10
3.258807e+14	1.000000e+10	1.000000e+10
3.260447e+14	1.000000e+10	1.000000e+10
3.262088e+14	1.000000e+10	1.000000e+10
3.263728e+14	1.000000e+10	1.000000e+10
3.265368e+14	1.000000e+10	1.000000e+10
3.267008e+14	1.000000e+10	1.000000e+10
3.268649e+14	1.000000e+10	1.000000e+10
3.270289e+14	1.000000e+10	1.000000e+10
3.271929e+14	1.000000e+10	1.000000e+10
3.273570e+14	1.000000e+10	1.000000e+10
3.275210e+14	1.000000e+10	1.000000e+10
3.276850e+14	1.000000e+10	1.000000e+10
3.278491e+14	1.000000e+10	1.000000e+10
3.280131e+14	1.000000e+10	1.000000e+10
3.281771e+14	1.000000e+10	1.000000e+10
3.283412e+14	1.000000e+10	1.000000e+10
3.285052e+14	1.000000e+10	1.000000e+10
3.286692e+14	1.000000e+10	1.000000e+10
3.288332e+14	1.000000e+10	1.000000e+10
3.289973e+14	1.000000e+10	1.000000e+10
3.291613e+14	1.000000e+10	1.000000e+10
3.293253e+14	1.000000e+10	1.000000e+10
3.294894e+14	1.000000e+10	1.000000e+10
3.296534e+14	1.000000e+10	1.000000e+10
3.298174e+14	1.000000e+10	1.000000e+10
3.299814e+14	1.000000e+10	1.000000e+10
3.301455e+14	1.000000e+10	1.000000e+10
3.303095e+14	1.000000e+10	1.000000e+10
3.304735e+14	1.000000e+10	1.000000e+10
3.306376e+14	1.000000e+10	1.000000e+10
3.308016e+14	1.000000e+10	1.000000e+10
3.309656e+14	1.000000e+10	1.000000e+10
3.311297e+14	1.000000e+10	1.000000e+10
3.312937e+14	1.000000e+10	1.000000e+10
3.314577e+14	1.000000e+10	1.000000e+10
3.316218e+14	1.000000e+10	1.000000e+10
3.317858e+14	1.000000e+10	1.000000e+10
3.319498e+14	1.000000e+10	1.000000e+10
3.321138e+14	1.000000e+10	1.000000e+10
3.322779e+14	1.000000e+10	1.000000e+10
3.324419e+14	1.000000e+10	1.000000e+10
3.326059e+14	1.000000e+10	1.000000e+10
3.327700e+14	1.000000e+10	1.000000e+10
3.329340e+14	1.000000e+10	1.000000e+10
3.330980e+14	1.000000e+10	1.000000e+10
3.332620e+14	1.000000e+10	1.000000e+10
3.334261e+14	1.000000e+10	1.000000e+10
3.335901e+14	1.000000e+10	1.000000e+10
3.337541e+14	1.000000e+10	1.000000e+10
3.339182e+14	1.000000e+10	1.000000e+10
3.340822e+14	1.000000e+10	1.000000e+10
3.342462e+14	1.000000e+10	1.000000e+10
3.344103e+14	1.000000e+10	1.000000e+10
3.345743e+14	1.000000e+10	1.000000e+10
3.347383e+14	1.000000e+10	1.000000e+10
3.349024e+14	1.000000e+10	1.000000e+10
3.350664e+14	1.000000e+10	1.000000e+10
3.352304e+14	1.000000e+10	1.000000e+10
3.353944e+14	1.000000e+10	1.000000e+10
3.355585e+14	1.000000e+10	1.000000e+10
3.357225e+14	1.000000e+10	1.000000e+10
3.358865e+14	1.000000e+10	1.000000e+10
3.360506e+14	1.000000e+10	1.000000e+10
3.362146e+14	1.000000e+10	1.000000e+10
3.363786e+14	1.000000e+10	1.000000e+10
3.365426e+14	1.000000e+10	1.000000e+10
3.367067e+14	1.000000e+10	1.000000e+10
3.368707e+14	1.000000e+10	1.000000e+10
3.370347e+14	1.000000e+10	1.000000e+10
3.371988e+14	1.000000e+10	1.000000e+10
3.373628e+14	1.000000e+10	1.000000e+10
3.375268e+14	1.000000e+10	1.000000e+10
3.376909e+14	1.000000e+10	1.000000e+10
3.378549e+14	1.000000e+10	1.000000e+10
3.380189e+14	1.000000e+10	1.000000e+10
3.381830e+14	1.000000e+10	1.000000e+10
3.383470e+14	1.000000e+10	1.000000e+10
3.385110e+14	1.000000e+10	1.000000e+10
3.386750e+14	1.000000e+10	1.000000e+10
3.388391e+14	1.000000e+10	1.000000e+10
3.390031e+14	1.000000e+10	1.000000e+10
3.391671e+14	1.000000e+10	1.000000e+10
3.393312e+14	1.000000e+10	1.000000e+10
3.394952e+14	1.000000e+10	1.000000e+10
3.396592e+14	1.000000e+10	1.000000e+10
3.398232e+14	1.000000e+10	1.000000e+10
3.399873e+14	1.000000e+10	1.000000e+10
3.401513e+14	1.000000e+10	1.000000e+10
3.403153e+14	1.000000e+10	1.000000e+10
3.404794e+14	1.000000e+10	1.000000e+10
3.406434e+14	1.000000e+10	1.000000e+10
3.408074e+14	1.000000e+10	1.000000e+10
3.409715e+14	1.000000e+10	1.000000e+10
3.411355e+14	1.000000e+10	1.000000e+10
3.412995e+14	1.000000e+10	1.000000e+10
3.414636e+14	1.000000e+10	1.000000e+10
3.416276e+14	1.000000e+10	1.000000e+10
3.417916e+14	1.000000e+10	1.000000e+10
3.419556e+14	1.000000e+10	1.000000e+10
3.421197e+14	1.000000e+10	1.000000e+10
3.422837e+14	1.000000e+10	1.000000e+10
3.424477e+14	1.000000e+10	1.000000e+10
3.426118e+14	1.000000e+10	1.000000e+10
3.427758e+14	1.000000e+10	1.000000e+10
3.429398e+14	1.000000e+10	1.000000e+10
3.431038e+14	1.000000e+10	1.000000e+10
3.432679e+14	1.000000e+10	1.000000e+10
3.434319e+14	1.000000e+10	1.000000e+10
3.435959e+14	1.000000e+10	1.000000e+10
3.437600e+14	1.000000e+10	1.000000e+10
3.439240e+14	1.000000e+10	1.000000e+10
3.440880e+14	1.000000e+10	1.000000e+10
3.442521e+14	1.000000e+10	1.000000e+10
3.444161e+14	1.000000e+10	1.000000e+10
3.445801e+14	1.000000e+10	1.000000e+10
3.447442e+14	1.000000e+10	1.000000e+10
3.449082e+14	1.000000e+10	1.000000e+10
3.450722e+14	1.000000e+10	1.000000e+10
3.452362e+14	1.000000e+10	1.000000e+10
3.454003e+14	1.000000e+10	1.000000e+10
3.455643e+14	1.000000e+10	1.000000e+10
3.457283e+14	1.000000e+10	1.000000e+10
3.458924e+14	1.000000e+10	1.000000e+10
3.460564e+14	1.000000e+10	1.000000e+10
3.462204e+14	1.000000e+10	1.000000e+10
3.463844e+14	1.000000e+10	1.000000e+10
3.465485e+14	1.000000e+10	1.000000e+10
3.467125e+14	1.000000e+10	1.000000e+10
3.468765e+14	1.000000e+10	1.000000e+10
3.470406e+14	1.000000e+10	1.000000e+10
3.472046e+14	1.000000e+10	1.000000e+10
3.473686e+14	1.000000e+10	1.000000e+10
3.475327e+14	1.000000e+10	1.000000e+10
3.476967e+14	1.000000e+10	1.000000e+10
3.478607e+14	1.000000e+10	1.000000e+10
3.480248e+14	1.000000e+10	1.000000e+10
3.481888e+14	1.000000e+10	1.000000e+10
3.483528e+14	1.000000e+10	1.000000e+10
3.485168e+14	1.000000e+10	1.000000e+10
3.486809e+14	1.000000e+10	1.000000e+10
3.488449e+14	1.000000e+10	1.000000e+10
3.490089e+14	1.000000e+10	1.000000e+10
3.491730e+14	1.000000e+10	1.000000e+10
3.493370e+14	1.000000e+10	1.000000e+10
3.495010e+14	1.000000e+10	1.000000e+10
3.496650e+14	1.000000e+10	1.000000e+10
3.498291e+14	1.000000e+10	1.000000e+10
3.499931e+14	1.000000e+10	1.000000e+10
3.501571e+14	1.000000e+10	1.000000e+10
3.503212e+14	1.000000e+10	1.000000e+10
3.504852e+14	1.000000e+10	1.000000e+10
3.506492e+14	1.000000e+10	1.000000e+10
3.508133e+14	1.000000e+10	1.000000e+10
3.509773e+14	1.000000e+10	1.000000e+10
3.511413e+14	1.000000e+10	1.000000e+10
3.513054e+14	1.000000e+10	1.000000e+10
3.514694e+14	1.000000e+10	1.000000e+10
3.516334e+14	1.000000e+10	1.000000e+10
3.517974e+14	1.000000e+10	1.000000e+10
3.519615e+14	1.000000e+10	1.000000e+10
3.521255e+14	1.000000e+10	1.000000e+10
3.522895e+14	1.000000e+10	1.000000e+10
3.524536e+14	1.000000e+10	1.000000e+10
3.526176e+14	1.000000e+10	1.000000e+10
3.527816e+14	1.000000e+10	1.000000e+10
3.529456e+14	1.000000e+10	1.000000e+10
3.531097e+14	1.000000e+10	1.000000e+10
3.532737e+14	1.000000e+10	1.000000e+10
3.534377e+14	1.000000e+10	1.000000e+10
3.536018e+14	1.000000e+10	1.000000e+10
3.537658e+14	1.000000e+10	1.000000e+10
3.539298e+14	1.000000e+10	1.000000e+10
3.540939e+14	1.000000e+10	1.000000e+10
3.542579e+14	1.000000e+10	1.000000e+10
3.544219e+14	1.000000e+10	1.000000e+10
3.545860e+14	1.000000e+10	1.000000e+10
3.547500e+14	1.000000e+10	1.000000e+10
3.549140e+14	1.000000e+10	1.000000e+10
3.550780e+14	1.000000e+10	1.000000e+10
3.552421e+14	1.000000e+10	1.000000e+10
3.554061e+14	1.000000e+10	1.000000e+10
3.555701e+14	1.000000e+10	1.000000e+10
3.557342e+14	1.000000e+10	1.000000e+10
3.558982e+14	1.000000e+10	1.000000e+10
3.560622e+14	1.000000e+10	1.000000e+10
3.562262e+14	1.000000e+10	1.000000e+10
3.563903e+14	1.000000e+10	1.000000e+10
3.565543e+14	1.000000e+10	1.000000e+10
3.567183e+14	1.000000e+10	1.000000e+10
3.568824e+14	1.000000e+10	1.000000e+10
3.570464e+14	1.000000e+10	1.000000e+10
3.572104e+14	1.000000e+10	1.000000e+10
3.573745e+14	1.000000e+10	1.000000e+10
3.575385e+14	1.000000e+10	1.000000e+10
3.577025e+14	1.000000e+10	1.000000e+10
3.578666e+14	1.000000e+10	1.000000e+10
3.580306e+14	1.000000e+10	1.000000e+10
3.581946e+14	1.000000e+10	1.000000e+10
3.583586e+14	1.000000e+10	1.000000e+10
3.585227e+14	1.000000e+10	1.000000e+10
3.586867e+14	1.000000e+10	1.000000e+10
3.588507e+14	1.000000e+10	1.000000e+10
3.590148e+14	1.000000e+10	1.000000e+10
3.591788e+14	1.000000e+10	1.000000e+10
3.593428e+14	1.000000e+10	1.000000e+10
3.595068e+14	1.000000e+10	1.000000e+10
3.596709e+14	1.000000e+10	1.000000e+10
3.598349e+14	1.000000e+10	1.000000e+10
3.599989e+14	1.000000e+10	1.000000e+10
3.601630e+14	1.000000e+10	1.000000e+10
3.603270e+14	1.000000e+10	1.000000e+10
3.604910e+14	1.000000e+10	1.000000e+10
3.606551e+14	1.000000e+10	1.000000e+10
3.608191e+14	1.000000e+10	1.000000e+10
3.609831e+14	1.000000e+10	1.000000e+10
3.611472e+14	1.000000e+10	1.000000e+10
3.613112e+14	1.000000e+10	1.000000e+10
3.614752e+14	1.000000e+10	1.000000e+10
3.616392e+14	1.000000e+10	1.000000e+10
3.618033e+14	1.000000e+10	1.000000e+10
3.619673e+14	1.000000e+10	1.000000e+10
3.621313e+14	1.000000e+10	1.000000e+10
3.622954e+14	1.000000e+10	1.000000e+10
3.624594e+14	1.000000e+10	1.000000e+10
3.626234e+14	1.000000e+10	1.000000e+10
3.627874e+14	1.000000e+10	1.000000e+10
3.629515e+14	1.000000e+10	1.000000e+10
3.631155e+14	1.000000e+10	1.000000e+10
3.632795e+14	1.000000e+10	1.000000e+10
3.634436e+14	1.000000e+10	1.000000e+10
3.636076e+14	1.000000e+10	1.000000e+10
3.637716e+14	1.000000e+10	1.000000e+10
3.639357e+14	1.000000e+10	1.000000e+10
3.640997e+14	1.000000e+10	1.000000e+10
3.642637e+14	1.000000e+10	1.000000e+10
3.644278e+14	1.000000e+10	1.000000e+10
3.645918e+14	1.000000e+10	1.000000e+10
3.647558e+14	1.000000e+10	1.000000e+10
3.649198e+14	1.000000e+10	1.000000e+10
3.650839e+14	1.000000e+10	1.000000e+10
3.652479e+14	1.000000e+10	1.000000e+10
3.654119e+14	1.000000e+10	1.000000e+10
3.655760e+14	1.000000e+10	1.000000e+10
3.657400e+14	1.000000e+10	1.000000e+10
3.659040e+14	1.000000e+10	1.000000e+10
3.660680e+14	1.000000e+10	1.000000e+10
3.662321e+14	1.000000e+10	1.000000e+10
3.663961e+14	1.000000e+10	1.000000e+10
3.665601e+14	1.000000e+10	1.000000e+10
3.667242e+14	1.000000e+10	1.000000e+10
3.668882e+14	1.000000e+10	1.000000e+10
3.670522e+14	1.000000e+10	1.000000e+10
3.672163e+14	1.000000e+10	1.000000e+10
3.673803e+14	1.000000e+10	1.000000e+10
3.675443e+14	1.000000e+10	1.000000e+10
3.677084e+14	1.000000e+10	1.000000e+10
3.678724e+14	1.000000e+10	1.000000e+10
3.680364e+14	1.000000e+10	1.000000e+10
3.682004e+14	1.000000e+10	1.000000e+10
3.683645e+14	1.000000e+10	1.000000e+10
3.685285e+14	1.000000e+10	1.000000e+10
3.686925e+14	1.000000e+10	1.000000e+10
3.688566e+14	1.000000e+10	1.000000e+10
3.690206e+14	1.000000e+10	1.000000e+10
3.691846e+14	1.000000e+10	1.000000e+10
3.693486e+14	1.000000e+10	1.000000e+10
3.695127e+14	1.000000e+10	1.000000e+10
3.696767e+14	1.000000e+10	1.000000e+10
3.698407e+14	1.000000e+10	1.000000e+10
3.700048e+14	1.000000e+10	1.000000e+10
3.701688e+14	1.000000e+10	1.000000e+10
3.703328e+14	1.000000e+10	1.000000e+10
3.704969e+14	1.000000e+10	1.000000e+10
3.706609e+14	1.000000e+10	1.000000e+10
3.708249e+14	1.000000e+10	1.000000e+10
3.709890e+14	1.000000e+10	1.000000e+10
3.711530e+14	1.000000e+10	1.000000e+10
3.713170e+14	1.000000e+10	1.000000e+10
3.714810e+14	1.000000e+10	1.000000e+10
3.716451e+14	1.000000e+10	1.000000e+10
3.718091e+14	1.000000e+10	1.000000e+10
3.719731e+14	1.000000e+10	1.000000e+10
3.721372e+14	1.000000e+10	1.000000e+10
3.723012e+14	1.000000e+10	1.000000e+10
3.724652e+14	1.000000e+10	1.000000e+10
3.726292e+14	1.000000e+10	1.000000e+10
3.727933e+14	1.000000e+10	1.000000e+10
3.729573e+14	1.000000e+10	1.000000e+10
3.731213e+14	1.000000e+10	1.000000e+10
3.732854e+14	1.000000e+10	1.000000e+10
3.734494e+14	1.000000e+10	1.000000e+10
3.736134e+14	1.000000e+10	1.000000e+10
3.737775e+14	1.000000e+10	1.000000e+10
3.739415e+14	1.000000e+10	1.000000e+10
3.741055e+14	1.000000e+10	1.000000e+10
3.742696e+14	1.000000e+10	1.000000e+10
3.744336e+14	1.000000e+10	1.000000e+10
3.745976e+14	1.000000e+10	1.000000e+10
3.747616e+14	1.000000e+10	1.000000e+10
3.749257e+14	1.000000e+10	1.000000e+10
3.750897e+14	1.000000e+10	1.000000e+10
3.752537e+14	1.000000e+10	1.000000e+10
3.754178e+14	1.000000e+10	1.000000e+10
3.755818e+14	1.000000e+10	1.000000e+10
3.757458e+14	1.000000e+10	1.000000e+10
3.759098e+14	1.000000e+10	1.000000e+10
3.760739e+14	1.000000e+10	1.000000e+10
3.762379e+14	1.000000e+10	1.000000e+10
3.764019e+14	1.000000e+10	1.000000e+10
3.765660e+14	1.000000e+10	1.000000e+10
